152.0 1568.0
1740.0 802.0
147.0 932.0
1553.0 1305.0
1169.0 1113.0
1873.0 1952.0
310.0 341.0
96.0 1154.0
1515.0 848.0
1220.0 1694.0
455.0 1437.0
655.0 880.0
1324.0 822.0
1481.0 1388.0
318.0 424.0
1068.0 1318.0
494.0 1304.0
1913.0 336.0
885.0 1632.0
1656.0 289.0
1580.0 1275.0
700.0 1807.0
8.0 1304.0
69.0 1017.0
1651.0 1806.0
1423.0 387.0
1493.0 1357.0
1624.0 1758.0
1554.0 844.0
1071.0 1363.0
1325.0 821.0
1544.0 1180.0
1306.0 1961.0
1212.0 112.0
1264.0 1169.0
1037.0 1785.0
1949.0 706.0
1526.0 1988.0
1732.0 1884.0
129.0 1252.0
1378.0 303.0
1123.0 1986.0
1231.0 59.0
498.0 1973.0
1679.0 1283.0
950.0 459.0
40.0 1580.0
365.0 817.0
93.0 439.0
809.0 1525.0
1225.0 1609.0
308.0 149.0
1816.0 68.0
1828.0 1443.0
431.0 532.0
505.0 424.0
1372.0 1320.0
642.0 226.0
616.0 154.0
176.0 491.0
1512.0 1565.0
195.0 695.0
51.0 1266.0
592.0 1338.0
1038.0 1799.0
1588.0 1875.0
547.0 1709.0
1762.0 761.0
1616.0 436.0
8.0 1249.0
1356.0 1365.0
1664.0 793.0
548.0 1483.0
1858.0 1620.0
100.0 463.0
1767.0 354.0
353.0 671.0
1672.0 1931.0
1571.0 1979.0
293.0 1033.0
1136.0 1740.0
1649.0 1567.0
306.0 944.0
538.0 153.0
1211.0 1558.0
1607.0 17.0
1583.0 242.0
1739.0 1563.0
1248.0 1854.0
1254.0 878.0
1319.0 1902.0
1402.0 1840.0
1582.0 398.0
1242.0 1884.0
442.0 1754.0
1407.0 1699.0
470.0 1449.0
1668.0 1580.0
1659.0 1831.0
1601.0 1945.0
347.0 334.0
134.0 744.0
669.0 897.0
397.0 626.0
1106.0 1636.0
1633.0 1619.0
1846.0 587.0
606.0 1751.0
562.0 109.0
958.0 974.0
1311.0 1460.0
322.0 1787.0
901.0 1572.0
1474.0 479.0
353.0 262.0
955.0 172.0
1349.0 1009.0
1959.0 345.0
137.0 1987.0
763.0 1218.0
1903.0 1809.0
1129.0 344.0
1044.0 1961.0
1574.0 300.0
1106.0 928.0
534.0 1939.0
1715.0 1533.0
1299.0 1735.0
769.0 785.0
589.0 523.0
104.0 721.0
443.0 1608.0
684.0 993.0
303.0 1816.0
1527.0 1855.0
376.0 366.0
42.0 1801.0
1921.0 1968.0
53.0 732.0
599.0 1427.0
546.0 251.0
119.0 178.0
1532.0 1432.0
1830.0 1162.0
1069.0 1842.0
586.0 1412.0
1348.0 1851.0
1606.0 528.0
1238.0 1700.0
3.0 1546.0
1851.0 1495.0
1369.0 1436.0
121.0 1025.0
605.0 720.0
542.0 1834.0
1812.0 16.0
1238.0 1106.0
518.0 252.0
157.0 826.0
1326.0 1319.0
1406.0 236.0
814.0 1391.0
970.0 1032.0
1359.0 231.0
389.0 1709.0
997.0 194.0
1498.0 1696.0
273.0 686.0
1422.0 1803.0
753.0 1179.0
1570.0 1653.0
1666.0 407.0
450.0 1834.0
1637.0 1831.0
1626.0 87.0
799.0 356.0
1545.0 1972.0
1819.0 447.0
1293.0 494.0
490.0 1730.0
1390.0 1296.0
843.0 1429.0
1431.0 1821.0
1637.0 874.0
686.0 1757.0
1937.0 934.0
165.0 1474.0
84.0 1468.0
1145.0 613.0
1226.0 391.0
1128.0 626.0
1391.0 755.0
1199.0 1005.0
1558.0 1689.0
1697.0 63.0
1277.0 469.0
84.0 1185.0
1127.0 822.0
470.0 979.0
1033.0 754.0
973.0 746.0
353.0 419.0
603.0 596.0
463.0 1554.0
1040.0 1369.0
887.0 1102.0
1914.0 1600.0
847.0 425.0
1431.0 747.0
4.0 1536.0
1611.0 1344.0
153.0 1861.0
93.0 884.0
1135.0 954.0
1883.0 1190.0
224.0 1387.0
1151.0 1158.0
1332.0 857.0
1049.0 1312.0
471.0 127.0
1019.0 649.0
978.0 675.0
1732.0 932.0
486.0 314.0
628.0 1938.0
1719.0 312.0
478.0 1364.0
677.0 276.0
523.0 1262.0
949.0 436.0
1227.0 9.0
670.0 1641.0
663.0 645.0
1440.0 1961.0
1954.0 1562.0
159.0 453.0
414.0 105.0
542.0 1543.0
826.0 1172.0
693.0 1674.0
329.0 1174.0
5.0 598.0
1230.0 928.0
722.0 1782.0
1667.0 1633.0
1455.0 1384.0
1497.0 1378.0
1784.0 256.0
1386.0 427.0
472.0 329.0
1226.0 1445.0
1931.0 138.0
1644.0 1005.0
1774.0 256.0
1345.0 1314.0
563.0 797.0
347.0 1915.0
1600.0 1277.0
255.0 920.0
87.0 929.0
409.0 739.0
592.0 1515.0
826.0 1922.0
1042.0 1940.0
60.0 637.0
208.0 1725.0
342.0 118.0
656.0 960.0
778.0 954.0
472.0 802.0
1132.0 1458.0
66.0 1623.0
1838.0 1094.0
958.0 402.0
166.0 959.0
1269.0 1160.0
561.0 7.0
635.0 928.0
1136.0 80.0
383.0 841.0
1697.0 1821.0
477.0 1096.0
281.0 1489.0
450.0 444.0
1340.0 1090.0
1359.0 703.0
1407.0 729.0
1302.0 540.0
1445.0 1497.0
1073.0 936.0
358.0 234.0
1603.0 95.0
1486.0 1633.0
550.0 1035.0
1697.0 1614.0
819.0 643.0
844.0 1137.0
1745.0 1550.0
759.0 1593.0
1844.0 1074.0
1798.0 923.0
1510.0 1838.0
943.0 27.0
756.0 1168.0
326.0 1866.0
1887.0 1891.0
1075.0 1053.0
435.0 1033.0
1781.0 485.0
660.0 1713.0
336.0 64.0
388.0 1094.0
1138.0 220.0
897.0 1299.0
1988.0 1587.0
331.0 1830.0
652.0 1288.0
1843.0 368.0
831.0 860.0
511.0 1446.0
371.0 1596.0
1243.0 824.0
562.0 443.0
969.0 1324.0
1946.0 472.0
1689.0 246.0
498.0 1948.0
1139.0 1045.0
1287.0 930.0
1425.0 1325.0
325.0 307.0
1994.0 1260.0
145.0 1165.0
697.0 219.0
1875.0 1375.0
1532.0 132.0
1665.0 1619.0
1768.0 1131.0
70.0 1769.0
906.0 10.0
465.0 252.0
824.0 252.0
1370.0 1124.0
1110.0 1686.0
1695.0 71.0
1509.0 1597.0
445.0 444.0
1110.0 1336.0
1818.0 286.0
1948.0 147.0
911.0 457.0
607.0 876.0
1011.0 1892.0
316.0 1998.0
1955.0 1579.0
810.0 232.0
286.0 1079.0
151.0 298.0
1388.0 1212.0
1697.0 1339.0
1646.0 96.0
865.0 25.0
464.0 291.0
1186.0 1086.0
1963.0 287.0
1808.0 1515.0
1768.0 1149.0
1483.0 1140.0
1119.0 945.0
618.0 1511.0
333.0 452.0
220.0 1722.0
1892.0 908.0
457.0 1297.0
1276.0 1642.0
823.0 1289.0
1943.0 1727.0
1130.0 772.0
1587.0 508.0
1379.0 1121.0
1640.0 725.0
1449.0 1559.0
1617.0 1552.0
1652.0 1150.0
1207.0 1920.0
149.0 1466.0
1769.0 745.0
180.0 1236.0
536.0 1695.0
1650.0 791.0
111.0 96.0
221.0 1988.0
1407.0 1978.0
1250.0 723.0
1288.0 1050.0
236.0 775.0
356.0 1634.0
1370.0 1708.0
1374.0 1046.0
399.0 399.0
848.0 1732.0
1379.0 874.0
874.0 1501.0
1415.0 1194.0
766.0 628.0
1958.0 1423.0
1751.0 1426.0
983.0 528.0
938.0 564.0
1934.0 1433.0
1733.0 770.0
1522.0 1650.0
1717.0 940.0
1593.0 445.0
324.0 579.0
960.0 1019.0
302.0 1185.0
999.0 1643.0
532.0 262.0
1497.0 1200.0
1002.0 880.0
1145.0 286.0
635.0 22.0
1448.0 609.0
1212.0 1233.0
1347.0 42.0
1838.0 343.0
1832.0 1672.0
269.0 1014.0
1833.0 1822.0
1957.0 1802.0
1242.0 454.0
789.0 1979.0
245.0 1186.0
1259.0 1686.0
957.0 1418.0
463.0 533.0
639.0 119.0
1948.0 1102.0
1604.0 1899.0
57.0 1141.0
99.0 747.0
1045.0 239.0
1715.0 491.0
1841.0 548.0
670.0 1220.0
1575.0 47.0
1602.0 180.0
424.0 550.0
1425.0 962.0
1316.0 721.0
1096.0 1644.0
1554.0 921.0
1900.0 671.0
1872.0 1358.0
416.0 114.0
1924.0 1380.0
307.0 400.0
1456.0 939.0
103.0 1616.0
852.0 1098.0
588.0 1106.0
1806.0 1320.0
1051.0 1737.0
1868.0 806.0
1311.0 1839.0
546.0 236.0
269.0 953.0
839.0 191.0
1588.0 729.0
1834.0 1115.0
1071.0 1434.0
818.0 1555.0
1944.0 1963.0
483.0 802.0
1543.0 267.0
1820.0 1661.0
952.0 1341.0
1644.0 1959.0
538.0 680.0
213.0 640.0
1683.0 798.0
1306.0 251.0
337.0 1623.0
1362.0 747.0
507.0 1145.0
1790.0 57.0
214.0 470.0
1079.0 1268.0
1028.0 691.0
96.0 1462.0
279.0 880.0
1467.0 1087.0
372.0 1480.0
951.0 1841.0
1938.0 1495.0
711.0 855.0
17.0 803.0
1838.0 1282.0
183.0 1272.0