1895.0 1457.0
37.0 532.0
1985.0 604.0
1689.0 444.0
1382.0 13.0
397.0 1673.0
141.0 876.0
60.0 227.0
1638.0 182.0
1493.0 1736.0
1523.0 1545.0
1304.0 312.0
390.0 1055.0
1453.0 960.0
388.0 340.0
1748.0 1762.0
601.0 1973.0
1302.0 1117.0
198.0 1911.0
1211.0 558.0
1781.0 801.0
901.0 1891.0
813.0 968.0
570.0 1128.0
928.0 933.0
223.0 656.0
914.0 1188.0
175.0 1169.0
85.0 652.0
1499.0 1852.0
1983.0 1878.0
539.0 1831.0
1869.0 396.0
51.0 457.0
657.0 575.0
1313.0 770.0
1014.0 1012.0
1666.0 452.0
388.0 1853.0
644.0 1186.0
1343.0 720.0
1142.0 1796.0
602.0 502.0
1260.0 84.0
1545.0 482.0
1295.0 792.0
1140.0 443.0
193.0 844.0
247.0 584.0
1566.0 363.0
790.0 1255.0
1566.0 1866.0
1918.0 635.0
406.0 625.0
1415.0 672.0
815.0 119.0
389.0 1771.0
894.0 649.0
190.0 114.0
1954.0 198.0
1782.0 597.0
333.0 1434.0
1478.0 1208.0
569.0 53.0
619.0 1055.0
124.0 632.0
1050.0 1653.0
374.0 1291.0
49.0 1256.0
1527.0 1709.0
969.0 1108.0
1582.0 809.0
903.0 890.0
1516.0 690.0
1842.0 669.0
454.0 139.0
479.0 1610.0
1609.0 1429.0
185.0 1873.0
600.0 486.0
1484.0 1748.0
465.0 1746.0
112.0 1051.0
1935.0 873.0
1698.0 321.0
1800.0 349.0
1614.0 1998.0
1829.0 494.0
889.0 674.0
690.0 723.0
523.0 667.0
652.0 1223.0
186.0 1507.0
1415.0 430.0
1521.0 442.0
322.0 1763.0
239.0 155.0
1234.0 1328.0
316.0 29.0
986.0 1352.0
535.0 728.0
1820.0 1092.0
1722.0 1090.0
1690.0 1080.0
1807.0 1462.0
1941.0 417.0
924.0 1327.0
455.0 1406.0
1689.0 1894.0
620.0 728.0
818.0 1766.0
250.0 256.0
1560.0 136.0
433.0 1203.0
371.0 1168.0
269.0 812.0
578.0 1235.0
473.0 982.0
1554.0 1187.0
830.0 1004.0
284.0 313.0
458.0 1840.0
921.0 526.0
1115.0 660.0
1921.0 422.0
1994.0 952.0
1041.0 1514.0
756.0 48.0
731.0 1744.0
19.0 577.0
1591.0 88.0
956.0 505.0
264.0 309.0
210.0 808.0
105.0 1447.0
1432.0 462.0
390.0 1185.0
851.0 1299.0
1590.0 108.0
1277.0 749.0
358.0 759.0
1158.0 161.0
82.0 73.0
325.0 649.0
1372.0 213.0
989.0 1582.0
222.0 1480.0
1179.0 1986.0
1324.0 195.0
411.0 973.0
195.0 1407.0
1418.0 1122.0
1567.0 1425.0
1493.0 718.0
1400.0 28.0
513.0 1484.0
411.0 1918.0
1556.0 1111.0
1447.0 344.0
513.0 925.0
926.0 301.0
1713.0 1053.0
1180.0 1126.0
1196.0 1997.0
52.0 319.0
1912.0 970.0
1141.0 530.0
360.0 1436.0
427.0 1710.0
197.0 1669.0
1090.0 1411.0
1098.0 327.0
1078.0 1485.0
1065.0 1103.0
262.0 891.0
1435.0 1906.0
438.0 1563.0
1125.0 210.0
1524.0 1139.0
1718.0 1596.0
770.0 1854.0
428.0 50.0
962.0 1650.0
711.0 1152.0
912.0 58.0
1061.0 1053.0
120.0 1733.0
1277.0 224.0
649.0 794.0
1799.0 1404.0
306.0 1557.0
1720.0 1562.0
88.0 979.0
1387.0 1506.0
761.0 1910.0
971.0 1045.0
1243.0 1845.0
1629.0 1977.0
1118.0 1812.0
1114.0 946.0
768.0 1291.0
75.0 26.0
1823.0 1141.0
653.0 1981.0
665.0 1527.0
1907.0 1907.0
495.0 219.0
1579.0 1402.0
1368.0 873.0
121.0 1616.0
530.0 433.0
1871.0 1642.0
755.0 1911.0
862.0 868.0
1245.0 1611.0
806.0 902.0
528.0 1859.0
825.0 814.0
1418.0 680.0
1534.0 1328.0
1114.0 618.0
1042.0 7.0
274.0 1169.0
1289.0 582.0
1722.0 1233.0
465.0 416.0
400.0 169.0
1239.0 256.0
1997.0 632.0
643.0 390.0
308.0 508.0
1279.0 351.0
212.0 824.0
965.0 1952.0
13.0 1058.0
182.0 1470.0
1407.0 342.0
150.0 1772.0
685.0 1578.0
549.0 1938.0
417.0 32.0
1049.0 1399.0
121.0 1889.0
1463.0 1868.0
1055.0 1212.0
576.0 1236.0
342.0 411.0
1848.0 1027.0
528.0 1149.0
194.0 1633.0
1004.0 22.0
1286.0 1979.0
1181.0 1184.0
261.0 279.0
1414.0 187.0
1252.0 354.0
1938.0 424.0
1092.0 1960.0
928.0 1918.0
914.0 560.0
1547.0 119.0
1737.0 897.0
839.0 1467.0
965.0 756.0
615.0 1143.0
179.0 1495.0
1292.0 1577.0
597.0 571.0
408.0 1770.0
753.0 940.0
1745.0 888.0
425.0 1418.0
961.0 175.0
709.0 1240.0
937.0 660.0
812.0 544.0
390.0 1598.0
770.0 177.0
316.0 1649.0
1307.0 231.0
1007.0 1032.0
1870.0 1574.0
1472.0 1806.0
1253.0 178.0
1924.0 1817.0
32.0 589.0
193.0 1716.0
1529.0 526.0
1441.0 88.0
114.0 538.0
425.0 646.0
1786.0 1266.0
1844.0 211.0
1407.0 1897.0
648.0 321.0
142.0 80.0
1242.0 1814.0
1574.0 1217.0
1436.0 1594.0
1546.0 900.0
1845.0 1090.0
517.0 1680.0
522.0 1556.0
391.0 1794.0
1992.0 1127.0
14.0 707.0
371.0 1097.0
880.0 537.0
1288.0 76.0
1572.0 93.0
1519.0 1006.0
1825.0 1732.0
1276.0 291.0
782.0 348.0
485.0 1489.0
1577.0 900.0
174.0 776.0
1443.0 585.0
1264.0 1084.0
440.0 489.0
1368.0 1952.0
1388.0 806.0
187.0 945.0
1313.0 825.0
935.0 492.0
1205.0 351.0
821.0 1549.0
985.0 213.0
1803.0 1557.0
876.0 1979.0
1774.0 1927.0
277.0 888.0
1652.0 1231.0
1744.0 75.0
1623.0 1887.0
815.0 1385.0
358.0 1864.0
1746.0 215.0
1526.0 1665.0
1042.0 1205.0
213.0 135.0
23.0 293.0
1631.0 770.0
1017.0 631.0
585.0 735.0
1107.0 611.0
1995.0 543.0
147.0 243.0
1259.0 731.0
862.0 250.0
996.0 1826.0
945.0 980.0
854.0 737.0
883.0 843.0
1270.0 574.0
310.0 1299.0
198.0 1057.0
1292.0 1891.0
672.0 1456.0
790.0 1072.0
1467.0 1333.0
519.0 1288.0
1856.0 846.0
1303.0 1320.0
551.0 1649.0
1523.0 475.0
874.0 1401.0
1538.0 943.0
491.0 721.0
1475.0 773.0
737.0 636.0
706.0 165.0
606.0 911.0
1785.0 636.0
300.0 1852.0
1843.0 211.0
1173.0 508.0
908.0 1005.0
1554.0 1383.0
180.0 1052.0
1947.0 579.0
322.0 705.0
846.0 583.0
389.0 478.0
939.0 1051.0
694.0 250.0
283.0 1678.0
265.0 352.0
1536.0 19.0
1730.0 788.0
1608.0 1001.0
501.0 1716.0
891.0 1526.0
1845.0 902.0
228.0 399.0
1902.0 1188.0
557.0 359.0
1215.0 1696.0
1202.0 1601.0
718.0 1797.0
472.0 1443.0
80.0 877.0
358.0 233.0
320.0 793.0
833.0 1859.0
604.0 1232.0
710.0 1309.0
1535.0 1478.0
353.0 1961.0
856.0 568.0
1466.0 1914.0
362.0 1362.0
1951.0 159.0
1405.0 1677.0
236.0 315.0
1859.0 632.0
1367.0 605.0
1844.0 1138.0
568.0 1617.0
858.0 850.0
789.0 1218.0
681.0 1299.0
28.0 1770.0
390.0 1279.0
1642.0 855.0
1416.0 886.0
1385.0 1772.0
1612.0 811.0
1829.0 641.0
1202.0 1771.0
735.0 1176.0
1765.0 795.0
1227.0 1918.0
1192.0 1262.0
100.0 1449.0
108.0 1568.0
112.0 1748.0
542.0 961.0
1694.0 420.0
845.0 1985.0
1851.0 1142.0
937.0 68.0
276.0 1576.0
1911.0 1731.0
341.0 1184.0
625.0 1183.0
224.0 1965.0
1402.0 130.0
1370.0 1640.0
719.0 1812.0
415.0 358.0
1801.0 70.0
1701.0 29.0
224.0 1695.0
1486.0 1808.0
409.0 1425.0
760.0 1385.0
687.0 215.0
1663.0 1427.0
144.0 1758.0
66.0 305.0
1854.0 1964.0
402.0 1053.0
1542.0 513.0
70.0 1585.0
957.0 329.0
1996.0 716.0
1606.0 1162.0
1226.0 1618.0
1025.0 1601.0
1826.0 1330.0
94.0 1203.0
420.0 549.0
638.0 482.0
1630.0 1712.0
538.0 207.0
1935.0 134.0
669.0 823.0
441.0 558.0
620.0 1595.0
1828.0 316.0
279.0 528.0
655.0 430.0
183.0 783.0
209.0 1365.0
1910.0 1545.0
1182.0 126.0
1807.0 1243.0
709.0 1964.0
250.0 890.0
966.0 1348.0
458.0 1436.0
465.0 805.0
1858.0 1939.0
905.0 962.0
529.0 486.0
424.0 813.0
831.0 1773.0
268.0 193.0
1519.0 553.0
271.0 1484.0
1732.0 269.0
1716.0 1415.0
944.0 109.0
1245.0 676.0
888.0 1442.0
762.0 851.0
739.0 903.0
939.0 64.0
1601.0 1636.0
343.0 333.0
1704.0 340.0
1989.0 1016.0
1130.0 1349.0
455.0 248.0
1426.0 1931.0
583.0 361.0
877.0 1569.0
1466.0 1522.0
1542.0 573.0
1057.0 463.0
1226.0 1071.0
1646.0 1248.0
506.0 1654.0
947.0 1389.0
302.0 303.0
854.0 308.0
1558.0 187.0
1297.0 129.0
1980.0 891.0
1765.0 265.0
134.0 875.0
15.0 530.0
1335.0 1976.0
1571.0 1746.0
629.0 1791.0
1429.0 355.0
69.0 356.0
1062.0 1488.0
882.0 1371.0
699.0 1327.0
397.0 1223.0
1626.0 1019.0
798.0 1789.0
1102.0 157.0
1513.0 84.0
505.0 486.0
1868.0 235.0
1897.0 443.0
1813.0 278.0