1838.0 1562.0
1765.0 26.0
88.0 1768.0
1171.0 757.0
1556.0 847.0
1232.0 1794.0
1720.0 970.0
330.0 972.0
1041.0 1084.0
1130.0 995.0
1828.0 428.0
1127.0 1902.0
1443.0 94.0
25.0 1279.0
363.0 314.0
712.0 833.0
873.0 1980.0
19.0 80.0
845.0 1591.0
1532.0 1748.0
6.0 470.0
1024.0 460.0
269.0 1585.0
116.0 1683.0
158.0 24.0
1147.0 1410.0
785.0 303.0
5.0 1202.0
1799.0 1510.0
1522.0 667.0
1408.0 820.0
52.0 430.0
57.0 96.0
1169.0 1484.0
898.0 1227.0
887.0 833.0
1486.0 1069.0
987.0 129.0
1492.0 586.0
490.0 1661.0
450.0 1905.0
240.0 929.0
833.0 769.0
679.0 925.0
1635.0 248.0
1079.0 942.0
473.0 922.0
1820.0 233.0
1713.0 666.0
917.0 755.0
1245.0 1864.0
1945.0 512.0
1071.0 727.0
1956.0 1734.0
1408.0 26.0
1951.0 477.0
1680.0 842.0
285.0 37.0
663.0 246.0
1617.0 1796.0
122.0 1064.0
957.0 42.0
1257.0 224.0
1606.0 707.0
374.0 1887.0
1779.0 1289.0
1056.0 898.0
1700.0 35.0
893.0 1129.0
1568.0 1903.0
230.0 3.0
1974.0 535.0
1660.0 1112.0
1509.0 1922.0
1320.0 147.0
1319.0 1930.0
1536.0 1305.0
680.0 1909.0
1862.0 266.0
756.0 1186.0
1978.0 1139.0
511.0 1426.0
944.0 1326.0
1822.0 897.0
1084.0 135.0
1778.0 1535.0
378.0 1787.0
1189.0 368.0
1386.0 543.0
877.0 1772.0
664.0 490.0
1341.0 1619.0
922.0 1248.0
1643.0 1169.0
194.0 205.0
1324.0 1338.0
51.0 1194.0
1723.0 146.0
657.0 1086.0
361.0 75.0
1041.0 1988.0
847.0 252.0
1199.0 1573.0
1263.0 1099.0
79.0 370.0
40.0 1575.0
683.0 1313.0
503.0 84.0
1707.0 1233.0
874.0 1795.0
402.0 1819.0
1777.0 1533.0
1525.0 167.0
1518.0 1309.0
183.0 1592.0
1323.0 631.0
15.0 1477.0
1850.0 1225.0
1275.0 1893.0
1527.0 1404.0
1822.0 1846.0
570.0 1655.0
564.0 539.0
921.0 128.0
1319.0 1775.0
699.0 351.0
1914.0 1306.0
102.0 866.0
1538.0 303.0
826.0 1527.0
581.0 1151.0
151.0 1817.0
1322.0 1630.0
840.0 1897.0
592.0 959.0
1091.0 1160.0
219.0 479.0
408.0 1935.0
25.0 587.0
1463.0 284.0
1442.0 1295.0
959.0 969.0
798.0 269.0
1201.0 170.0
112.0 1302.0
1715.0 339.0
224.0 871.0
128.0 68.0
119.0 642.0
1996.0 962.0
1603.0 1880.0
374.0 1123.0
890.0 561.0
294.0 773.0
1692.0 1560.0
438.0 1803.0
1345.0 469.0
1148.0 1509.0
1025.0 1512.0
741.0 475.0
866.0 1791.0
1406.0 1095.0
1468.0 164.0
700.0 1276.0
665.0 694.0
427.0 278.0
40.0 530.0
852.0 1887.0
1872.0 31.0
1063.0 923.0
1393.0 1043.0
408.0 321.0
1143.0 84.0
1334.0 503.0
56.0 255.0
1414.0 1273.0
1725.0 1343.0
654.0 117.0
733.0 1082.0
1182.0 998.0
1044.0 478.0
1497.0 474.0
482.0 467.0
224.0 1698.0
432.0 1277.0
1168.0 23.0
1614.0 1905.0
18.0 243.0
1768.0 1281.0
1696.0 1523.0
327.0 502.0
472.0 1623.0
1427.0 857.0
329.0 1762.0
1014.0 254.0
377.0 1125.0
1964.0 429.0
265.0 67.0
1223.0 1550.0
16.0 1424.0
1678.0 976.0
932.0 315.0
1333.0 1655.0
280.0 1093.0
185.0 0.0
1327.0 796.0
1762.0 610.0
495.0 969.0
154.0 1378.0
1168.0 707.0
636.0 946.0
1715.0 605.0
1126.0 1320.0
48.0 1795.0
1529.0 87.0
1079.0 1436.0
63.0 1868.0
1512.0 428.0
1500.0 839.0
1294.0 473.0
1532.0 404.0
711.0 136.0
1836.0 581.0
31.0 1972.0
69.0 814.0
1385.0 586.0
1124.0 1084.0
1935.0 867.0
965.0 147.0
737.0 831.0
1613.0 1154.0
1529.0 714.0
1718.0 1461.0
1999.0 398.0
1237.0 311.0
137.0 1349.0
1815.0 1458.0
986.0 761.0
1258.0 805.0
395.0 1387.0
1385.0 1664.0
1448.0 1756.0
975.0 687.0
1761.0 1754.0
1373.0 1489.0
1760.0 907.0
1942.0 1732.0
1994.0 1279.0
407.0 894.0
1230.0 613.0
1924.0 1530.0
1291.0 1101.0
702.0 702.0
1951.0 309.0
369.0 1461.0
1769.0 1442.0
1881.0 1838.0
1056.0 109.0
1380.0 1375.0
13.0 759.0
1218.0 55.0
1874.0 1962.0
1962.0 719.0
942.0 1886.0
1015.0 508.0
1385.0 1429.0
719.0 1733.0
730.0 84.0
851.0 603.0
1672.0 862.0
1394.0 1481.0
860.0 558.0
1353.0 1065.0
1782.0 417.0
533.0 1889.0
759.0 1357.0
1177.0 696.0
1355.0 658.0
155.0 361.0
25.0 124.0
1464.0 35.0
51.0 1410.0
1352.0 1194.0
408.0 558.0
1020.0 1166.0
1545.0 761.0
260.0 1365.0
1033.0 1618.0
813.0 632.0
1181.0 619.0
1080.0 1911.0
1906.0 513.0
1141.0 1130.0
1838.0 518.0
462.0 1957.0
687.0 1420.0
1952.0 438.0
1152.0 1407.0
1204.0 302.0
650.0 1696.0
509.0 282.0
23.0 474.0
937.0 718.0
18.0 1235.0
266.0 1533.0
458.0 993.0
1327.0 1079.0
484.0 1654.0
235.0 1902.0
688.0 1881.0
1447.0 1575.0
1252.0 1266.0
131.0 1674.0
1029.0 1154.0
1175.0 374.0
1189.0 381.0
1384.0 1061.0
1190.0 149.0
71.0 582.0
1612.0 1380.0
1347.0 1357.0
1840.0 22.0
1118.0 1235.0
1008.0 448.0
685.0 475.0
1124.0 81.0
1465.0 1811.0
332.0 947.0
547.0 1619.0
806.0 174.0
421.0 629.0
203.0 1610.0
1811.0 880.0
1433.0 158.0
1199.0 1683.0
1067.0 26.0
76.0 1483.0
1268.0 1389.0
1947.0 1761.0
1594.0 1940.0
321.0 1603.0
767.0 1536.0
826.0 141.0
1900.0 834.0
278.0 1396.0
966.0 1302.0
1073.0 1263.0
1074.0 217.0
577.0 146.0
1188.0 969.0
1368.0 392.0
243.0 1432.0
1882.0 1820.0
1497.0 1675.0
1256.0 20.0
1398.0 1317.0
90.0 779.0
1460.0 1371.0
764.0 26.0
1734.0 484.0
687.0 818.0
921.0 543.0
1456.0 1736.0
668.0 913.0
246.0 1229.0
428.0 489.0
517.0 1433.0
1512.0 1330.0
383.0 1156.0
404.0 229.0
634.0 64.0
617.0 376.0
445.0 1270.0
1752.0 246.0
708.0 1900.0
1535.0 1356.0
803.0 448.0
85.0 126.0
1414.0 340.0
991.0 1396.0
215.0 1814.0
997.0 372.0
1369.0 1610.0
830.0 109.0
689.0 582.0
760.0 1037.0
773.0 458.0
1349.0 1984.0
1917.0 330.0
191.0 1173.0
1541.0 1273.0
1467.0 574.0
1636.0 1075.0
283.0 1877.0
135.0 1800.0
238.0 1558.0
167.0 1616.0
1026.0 157.0
1401.0 383.0
1914.0 1596.0