1918.0 608.0
1187.0 1143.0
1957.0 993.0
435.0 760.0
316.0 646.0
606.0 1878.0
861.0 1475.0
183.0 1959.0
130.0 261.0
111.0 1111.0
1905.0 1542.0
304.0 1540.0
819.0 1983.0
374.0 1769.0
1522.0 490.0
263.0 1701.0
1280.0 722.0
628.0 1671.0
852.0 1705.0
23.0 1081.0
752.0 1686.0
1900.0 1734.0
254.0 1946.0
1212.0 1160.0
1401.0 1245.0
741.0 994.0
807.0 1434.0
1573.0 375.0
1476.0 1363.0
1253.0 534.0
458.0 1442.0
1715.0 1187.0
76.0 686.0
151.0 1107.0
866.0 1302.0
1927.0 1827.0
1631.0 1021.0
326.0 1428.0
526.0 466.0
199.0 1111.0
683.0 1930.0
159.0 98.0
1790.0 509.0
872.0 157.0
1041.0 378.0
738.0 1068.0
643.0 1175.0
453.0 824.0
902.0 473.0
305.0 1516.0
674.0 412.0
1478.0 505.0
124.0 815.0
1168.0 1847.0
1089.0 464.0
249.0 760.0
1741.0 64.0
1346.0 282.0
889.0 1730.0
45.0 1610.0
512.0 661.0
962.0 751.0
1490.0 91.0
577.0 74.0
401.0 1749.0
1815.0 1784.0
1609.0 862.0
1497.0 1553.0
845.0 1025.0
477.0 304.0
1964.0 247.0
57.0 287.0
1987.0 1297.0
1955.0 1983.0
1468.0 1982.0
23.0 1553.0
547.0 1785.0
583.0 612.0
633.0 1971.0
172.0 1115.0
1090.0 1960.0
1979.0 1162.0
345.0 1617.0
1011.0 45.0
900.0 293.0
1363.0 741.0
498.0 444.0
1401.0 1008.0
1040.0 242.0
964.0 708.0
1899.0 1349.0
251.0 1192.0
287.0 779.0
758.0 1678.0
1246.0 994.0
362.0 1025.0
109.0 1765.0
1043.0 1751.0
312.0 1992.0
1433.0 211.0
1686.0 1249.0
1813.0 1514.0
1911.0 115.0
1805.0 767.0
313.0 1096.0
1387.0 413.0
1338.0 1194.0
1420.0 1297.0
408.0 1998.0
628.0 322.0
1621.0 701.0
1486.0 1886.0
1446.0 1760.0
929.0 530.0
474.0 920.0
239.0 1253.0
551.0 1304.0
343.0 514.0
783.0 671.0
746.0 1568.0
1091.0 1158.0
1082.0 1839.0
1438.0 1186.0
1327.0 1025.0
722.0 1078.0
1763.0 67.0
1664.0 1432.0
1741.0 1591.0
736.0 206.0
763.0 1855.0
945.0 85.0
936.0 568.0
1306.0 558.0
1661.0 945.0
959.0 581.0
532.0 1878.0
1151.0 1439.0
1735.0 1725.0
266.0 1232.0
1687.0 332.0
1072.0 1127.0
1785.0 1685.0
1781.0 1238.0
346.0 1856.0
945.0 497.0
291.0 915.0
1987.0 162.0
888.0 752.0
149.0 151.0
379.0 1483.0
1562.0 825.0
510.0 1527.0
1668.0 890.0
1941.0 508.0
1587.0 250.0
1257.0 1910.0
1128.0 1813.0
1288.0 925.0
663.0 1148.0
714.0 109.0
1211.0 1535.0
1039.0 242.0
1827.0 1524.0
1540.0 1633.0
1482.0 1127.0
629.0 981.0
372.0 78.0
1356.0 1973.0
997.0 168.0
231.0 1967.0
1868.0 1249.0
616.0 483.0
1708.0 1284.0
294.0 654.0
59.0 382.0
848.0 1186.0
226.0 1483.0
1938.0 238.0
213.0 863.0
1920.0 687.0
910.0 339.0
1023.0 963.0
1554.0 57.0
1395.0 1061.0
613.0 94.0
1843.0 874.0
1945.0 1852.0
1017.0 1975.0
1121.0 745.0
1189.0 1693.0
1971.0 271.0
209.0 66.0
1484.0 1833.0
1055.0 173.0
1982.0 1462.0
1583.0 254.0
1317.0 861.0
1981.0 200.0
1447.0 1294.0
1351.0 1964.0
1721.0 945.0
1308.0 1538.0
1950.0 1581.0
1247.0 1574.0
218.0 1991.0
123.0 285.0
261.0 1300.0
289.0 1715.0
1164.0 157.0
1324.0 1555.0
1281.0 1743.0
1798.0 66.0
1522.0 1563.0
1939.0 360.0
823.0 1664.0
75.0 492.0
117.0 1955.0
677.0 1994.0
1823.0 713.0
687.0 1428.0
685.0 1473.0
1018.0 1219.0
788.0 1329.0
1762.0 1144.0
725.0 1867.0
12.0 771.0
882.0 1915.0
392.0 1870.0
1322.0 1664.0
277.0 104.0
1446.0 996.0
1652.0 362.0
428.0 138.0
36.0 151.0
865.0 484.0
1900.0 1348.0
1468.0 1325.0
1688.0 514.0
69.0 1289.0
651.0 1044.0
1084.0 551.0
435.0 721.0
22.0 1745.0
137.0 200.0
513.0 1616.0
1239.0 1067.0
1689.0 190.0
997.0 1066.0
740.0 1065.0
1292.0 1116.0
1575.0 977.0
715.0 1868.0
908.0 335.0
1144.0 702.0
1547.0 881.0
350.0 1644.0
1124.0 486.0
580.0 1122.0
863.0 1123.0
1631.0 402.0
891.0 1919.0
1166.0 1941.0
675.0 657.0
1667.0 1343.0
815.0 388.0
257.0 1646.0
886.0 1429.0
1488.0 1822.0
416.0 1865.0
1373.0 619.0
954.0 1629.0
1135.0 133.0
867.0 907.0
101.0 25.0
195.0 565.0
1451.0 1762.0
1292.0 850.0
1900.0 443.0
904.0 978.0
1809.0 1487.0
1058.0 496.0
1895.0 719.0
1792.0 1731.0
1854.0 1696.0
926.0 1504.0
1837.0 1903.0
1526.0 880.0
1779.0 1953.0
1675.0 218.0
1737.0 1435.0
1158.0 1709.0
964.0 1530.0
551.0 939.0
1846.0 1728.0
813.0 933.0
1844.0 1261.0
144.0 1903.0
1730.0 774.0
619.0 1312.0
1961.0 324.0
872.0 713.0
75.0 827.0
1956.0 575.0
526.0 1557.0
881.0 903.0
1588.0 1547.0
1626.0 317.0
380.0 751.0
1857.0 256.0
1568.0 1881.0
628.0 1341.0
175.0 876.0
1263.0 1671.0
1253.0 1284.0
1867.0 256.0
1303.0 1711.0
371.0 1015.0
219.0 965.0
1255.0 366.0
755.0 1605.0
41.0 1782.0
986.0 29.0
21.0 1865.0
519.0 645.0
1374.0 1732.0
799.0 777.0
996.0 575.0
519.0 530.0
1377.0 667.0
550.0 1487.0
1266.0 1926.0
1209.0 1669.0
99.0 206.0
897.0 240.0
1539.0 1392.0
1191.0 1397.0
1015.0 1211.0
1215.0 1798.0
1786.0 1174.0
906.0 432.0
258.0 1755.0
1397.0 1557.0
190.0 47.0
431.0 1233.0
987.0 1150.0
920.0 859.0
70.0 1128.0
1061.0 1402.0
252.0 1090.0
1761.0 689.0
653.0 1002.0
445.0 1513.0
1214.0 1275.0
663.0 1609.0
350.0 1800.0
1432.0 1364.0
944.0 457.0
1959.0 656.0
1624.0 144.0
1804.0 1022.0
673.0 503.0
1071.0 491.0
970.0 1639.0
1215.0 82.0
1153.0 1767.0
222.0 619.0
135.0 1407.0
1865.0 1092.0
788.0 1144.0
582.0 907.0
867.0 1459.0
1302.0 1365.0
1422.0 450.0
1434.0 670.0
1828.0 663.0
690.0 1757.0
1671.0 679.0
607.0 3.0
178.0 122.0
362.0 1905.0
167.0 1041.0
462.0 883.0
1495.0 1653.0
1665.0 508.0
1915.0 152.0
688.0 783.0
335.0 1338.0
1544.0 951.0
590.0 779.0
1328.0 1780.0
729.0 1927.0
259.0 482.0
752.0 1107.0
141.0 520.0
1731.0 99.0
1243.0 842.0
498.0 1493.0
1588.0 1548.0
1121.0 333.0
646.0 1731.0
1799.0 1790.0
1017.0 1897.0
1894.0 978.0
1041.0 573.0
1845.0 151.0
1983.0 133.0
1336.0 758.0
1798.0 193.0
1969.0 1552.0
939.0 1181.0
192.0 1607.0
85.0 227.0
422.0 1318.0
1828.0 570.0
791.0 1982.0
975.0 1151.0
1310.0 1182.0
1749.0 1214.0
1146.0 1135.0
1653.0 653.0
1990.0 201.0
377.0 1605.0
903.0 181.0
1309.0 1630.0
814.0 289.0
254.0 310.0
1341.0 1385.0
1821.0 382.0
278.0 1832.0
818.0 978.0
1295.0 794.0
1838.0 674.0
722.0 77.0
216.0 1233.0
561.0 116.0
745.0 1161.0
1895.0 983.0
1412.0 521.0
329.0 1179.0
1677.0 733.0
539.0 1081.0
1946.0 1176.0
1615.0 270.0
1014.0 33.0
360.0 1631.0
1218.0 55.0
1420.0 1670.0
391.0 689.0
56.0 957.0
471.0 855.0
110.0 918.0
97.0 711.0
122.0 1780.0
1666.0 1749.0
434.0 1338.0
1033.0 162.0
1131.0 526.0
563.0 1703.0
472.0 1834.0
341.0 1406.0
1518.0 287.0
1832.0 925.0
627.0 1414.0
767.0 1905.0
628.0 1732.0
628.0 979.0
1174.0 296.0
336.0 489.0
1732.0 501.0
1689.0 1643.0
1895.0 1431.0
565.0 720.0
324.0 1492.0
1645.0 69.0
815.0 928.0
542.0 634.0
1949.0 1532.0
1705.0 953.0
631.0 429.0
249.0 1396.0
1434.0 1428.0
1476.0 1385.0
1627.0 1472.0
235.0 756.0
1689.0 1100.0
1596.0 1890.0
1819.0 1957.0
1111.0 1085.0
88.0 333.0
909.0 1081.0
85.0 773.0
1923.0 217.0
344.0 683.0
1959.0 1135.0
1612.0 223.0
1514.0 591.0
46.0 1635.0
859.0 1166.0
1363.0 1119.0
1509.0 1020.0
1676.0 175.0
1774.0 1371.0
562.0 666.0
368.0 139.0
1164.0 1854.0
469.0 1012.0
1775.0 893.0
635.0 1359.0
757.0 958.0
135.0 545.0
502.0 338.0
1446.0 53.0
1507.0 1188.0
1086.0 565.0
1826.0 700.0
1442.0 645.0
355.0 48.0
437.0 236.0
368.0 167.0
1142.0 1376.0
243.0 988.0
298.0 60.0
450.0 763.0
1544.0 608.0
886.0 635.0
1453.0 1654.0
1786.0 632.0
256.0 1260.0
1870.0 844.0
591.0 483.0
1498.0 1481.0
296.0 1027.0
656.0 565.0
1572.0 920.0
10.0 51.0
781.0 494.0
963.0 1866.0
1553.0 1140.0
1282.0 1492.0
1774.0 16.0
1488.0 1093.0
1277.0 1871.0
1675.0 1798.0
1180.0 1767.0
547.0 1773.0
1443.0 1147.0
593.0 1435.0
425.0 1850.0
888.0 1377.0
1854.0 84.0
195.0 1088.0
1416.0 1306.0
1310.0 428.0
1708.0 1697.0
1217.0 1212.0
18.0 1011.0
1207.0 1344.0
1804.0 674.0
1261.0 1599.0
703.0 1481.0
1893.0 1117.0
751.0 1522.0
282.0 885.0
1481.0 1261.0
1454.0 1049.0
1849.0 1619.0
1919.0 179.0
1516.0 1064.0
9.0 310.0
48.0 230.0
789.0 966.0
40.0 28.0
654.0 625.0
1356.0 611.0
1284.0 1688.0
669.0 1272.0
314.0 526.0
501.0 106.0
410.0 1676.0
1437.0 594.0
920.0 1599.0
1928.0 218.0
51.0 95.0
1293.0 220.0
1336.0 508.0
1906.0 1352.0
1665.0 1495.0
659.0 1617.0
1787.0 538.0
1314.0 228.0
1877.0 373.0
1737.0 1270.0
1540.0 1766.0
363.0 474.0
931.0 500.0
1576.0 1483.0
984.0 808.0
367.0 716.0
1154.0 1257.0
1550.0 1370.0
430.0 547.0
884.0 970.0
137.0 1571.0
1576.0 1188.0
528.0 785.0
1667.0 1004.0
867.0 1386.0
1303.0 1273.0
1896.0 136.0
1267.0 1731.0
1963.0 1633.0
1071.0 1182.0
1971.0 665.0
1682.0 1646.0
80.0 773.0
611.0 629.0
97.0 957.0
1612.0 128.0
1058.0 1933.0
1082.0 1003.0
578.0 440.0
881.0 908.0
338.0 10.0
1021.0 1539.0
569.0 1768.0
547.0 1019.0
597.0 534.0
117.0 1901.0
1005.0 1685.0
1621.0 1506.0
673.0 1046.0
225.0 195.0
339.0 912.0
12.0 495.0
1007.0 1482.0
1854.0 504.0
228.0 949.0
289.0 1258.0
1415.0 1209.0
300.0 1225.0
1277.0 507.0
1261.0 566.0
1750.0 1672.0
1007.0 1661.0
1625.0 1504.0
396.0 63.0
1482.0 1297.0
1899.0 1927.0
921.0 1519.0
442.0 1098.0
260.0 1197.0
1687.0 1072.0
956.0 1595.0
920.0 1738.0
709.0 525.0
939.0 1679.0
1638.0 1027.0
1079.0 1495.0
481.0 1226.0
113.0 1986.0
1869.0 1102.0
91.0 1782.0
1118.0 170.0
918.0 1876.0
646.0 1678.0
1881.0 950.0
341.0 188.0
1962.0 535.0
1372.0 927.0
824.0 1999.0
1808.0 1208.0
1387.0 553.0
1945.0 822.0
292.0 1842.0
106.0 945.0
1214.0 864.0
491.0 1059.0
550.0 877.0
849.0 324.0
1142.0 895.0
144.0 1137.0
1116.0 1734.0
967.0 1113.0
698.0 1857.0
361.0 1603.0
391.0 605.0
316.0 830.0
1315.0 1243.0
1530.0 663.0
679.0 1548.0
1317.0 1585.0
1514.0 1387.0
472.0 1332.0
273.0 728.0
376.0 1988.0
1726.0 1261.0
1257.0 1277.0
1561.0 30.0
685.0 1272.0
1692.0 418.0
1815.0 845.0
39.0 1032.0
1694.0 1077.0
165.0 552.0
637.0 762.0
1382.0 840.0
503.0 1869.0
1931.0 711.0
1847.0 708.0
1664.0 1146.0
598.0 1438.0
627.0 656.0
1462.0 868.0
355.0 195.0
795.0 1182.0
3.0 1934.0
314.0 1471.0
718.0 773.0
73.0 1471.0
357.0 998.0
1541.0 451.0
1396.0 1595.0
723.0 1962.0
546.0 456.0
174.0 1894.0
1991.0 1191.0
47.0 325.0
248.0 61.0
891.0 1788.0
749.0 424.0
1430.0 463.0
4.0 1912.0
885.0 1023.0
79.0 792.0
1153.0 528.0
24.0 728.0
471.0 870.0
1780.0 439.0
941.0 812.0
1749.0 1666.0
671.0 176.0
474.0 1363.0
1479.0 510.0
1537.0 648.0
267.0 1240.0
317.0 290.0
1745.0 1567.0
483.0 1750.0
637.0 528.0
45.0 1140.0
1962.0 1438.0
849.0 1025.0
1831.0 1639.0
956.0 1187.0
1449.0 726.0
1592.0 152.0
815.0 757.0
1901.0 1108.0
1187.0 1165.0
452.0 1285.0
1804.0 284.0
310.0 1940.0
32.0 705.0
1586.0 715.0
1654.0 166.0
526.0 221.0
345.0 1979.0
37.0 390.0
1465.0 299.0
303.0 1713.0
1068.0 1453.0
1310.0 1216.0
274.0 378.0
1780.0 1931.0
1542.0 789.0
514.0 696.0
64.0 636.0
1084.0 1587.0
55.0 1434.0
376.0 218.0
1652.0 950.0
757.0 1512.0
17.0 971.0
88.0 652.0
689.0 213.0
1793.0 1349.0
1961.0 85.0
700.0 1340.0
220.0 1857.0
1796.0 1246.0
1892.0 907.0
1986.0 228.0
492.0 1548.0
915.0 1953.0
1083.0 381.0
199.0 680.0
1882.0 226.0
1493.0 984.0
295.0 1796.0
349.0 245.0
898.0 409.0
1574.0 595.0
1156.0 353.0
1317.0 1857.0
688.0 912.0
1615.0 176.0
1762.0 675.0
885.0 1279.0
1444.0 1889.0
1454.0 901.0
1551.0 1871.0
1620.0 218.0
1165.0 1792.0
1780.0 337.0
1501.0 903.0
728.0 1190.0
1057.0 475.0
1810.0 1824.0
162.0 806.0
1054.0 1107.0
739.0 1417.0
410.0 214.0
626.0 1296.0
514.0 1324.0
235.0 1837.0
1299.0 176.0
1239.0 1508.0
1058.0 498.0
930.0 419.0
1621.0 232.0
1529.0 1755.0
1182.0 275.0
1650.0 1039.0
1192.0 64.0
342.0 1784.0
1002.0 1047.0
537.0 18.0
1209.0 883.0
1531.0 1927.0
1995.0 606.0
1862.0 1782.0
1365.0 584.0
615.0 1600.0
149.0 1605.0
1786.0 46.0
1228.0 273.0
1599.0 690.0
307.0 1824.0
1273.0 601.0
878.0 181.0
1444.0 1514.0
302.0 1055.0
822.0 350.0
369.0 267.0
574.0 1036.0
1204.0 1546.0
921.0 831.0
728.0 577.0
1284.0 134.0
1650.0 903.0
764.0 1448.0
1821.0 46.0
1169.0 1873.0
1466.0 1265.0
1689.0 1822.0
391.0 1222.0
1424.0 65.0
318.0 1359.0
301.0 1553.0
932.0 899.0
113.0 1378.0
962.0 1525.0
1848.0 524.0
1808.0 78.0
417.0 58.0
1469.0 1947.0
906.0 850.0
60.0 325.0
1829.0 524.0
616.0 633.0
1767.0 288.0
1895.0 532.0
1295.0 769.0
1389.0 733.0
1140.0 752.0
1112.0 1791.0
198.0 1950.0
1832.0 609.0
1767.0 1217.0
833.0 1267.0
531.0 706.0
649.0 471.0
1754.0 865.0
861.0 266.0
206.0 982.0
16.0 286.0
1287.0 37.0
195.0 5.0
1988.0 333.0
335.0 620.0
957.0 173.0
191.0 1489.0
308.0 1555.0
779.0 1363.0
1305.0 1667.0
479.0 1189.0
1356.0 112.0
667.0 766.0
430.0 10.0
67.0 1600.0
1856.0 1892.0
343.0 1250.0
1981.0 128.0
989.0 925.0
820.0 1706.0
169.0 1648.0
1981.0 1774.0
1310.0 96.0
1308.0 886.0
1263.0 431.0
723.0 116.0
255.0 247.0
946.0 649.0
1494.0 1251.0
554.0 1360.0
692.0 107.0
64.0 681.0
1632.0 1915.0
685.0 1749.0
730.0 1742.0
1617.0 347.0
447.0 588.0
1415.0 1078.0
1786.0 1005.0
436.0 1627.0
1655.0 1961.0
1193.0 458.0
115.0 1358.0
1112.0 1440.0
863.0 1980.0
1876.0 1094.0
1012.0 1616.0
1729.0 107.0
272.0 1467.0
186.0 841.0
1454.0 831.0
577.0 1478.0
772.0 629.0
497.0 1001.0
1382.0 1614.0
1199.0 1830.0
1559.0 804.0
1263.0 1544.0
896.0 876.0
787.0 1498.0
1945.0 491.0
1614.0 1938.0
1045.0 226.0
1351.0 1147.0
698.0 487.0
73.0 1486.0
381.0 737.0
599.0 972.0
348.0 800.0
1933.0 1483.0
1989.0 230.0
1121.0 1146.0
581.0 150.0
1657.0 1346.0
1610.0 1112.0
678.0 1531.0
1401.0 1382.0
989.0 1432.0
1020.0 1174.0
1270.0 1856.0
803.0 1715.0
1630.0 826.0
491.0 1306.0
1815.0 1828.0
1628.0 1071.0
1920.0 384.0
1261.0 522.0
303.0 92.0
1698.0 98.0
314.0 1900.0
741.0 739.0
1605.0 118.0
1027.0 1039.0
997.0 1802.0
333.0 159.0
595.0 1612.0
270.0 436.0
141.0 1551.0
1165.0 1006.0
966.0 1680.0
1416.0 1895.0
542.0 1020.0
832.0 1117.0
396.0 463.0
1796.0 1499.0
1175.0 986.0
1350.0 916.0
1060.0 192.0
1770.0 1851.0
1722.0 669.0
1900.0 1665.0
33.0 1796.0
976.0 1035.0
1833.0 755.0
1205.0 64.0
1191.0 1653.0
1011.0 12.0
1098.0 1556.0
1908.0 1220.0
636.0 248.0
1855.0 391.0
1924.0 1425.0
991.0 236.0
1352.0 1549.0
1106.0 654.0
1007.0 294.0
1133.0 1153.0
469.0 1291.0
797.0 127.0
231.0 473.0
408.0 276.0
1614.0 1446.0
1810.0 930.0
521.0 1147.0
1196.0 1954.0
1475.0 763.0
1590.0 616.0
1572.0 36.0
1685.0 1041.0
308.0 720.0
1024.0 1116.0
1257.0 8.0
1124.0 1890.0
1329.0 1574.0
56.0 899.0
555.0 1766.0
331.0 1807.0
1936.0 1049.0
1944.0 1197.0
1424.0 1941.0
1147.0 1611.0
86.0 156.0
590.0 707.0
317.0 1750.0
1053.0 678.0
156.0 46.0
424.0 473.0
188.0 951.0
806.0 488.0
459.0 633.0
565.0 971.0
1417.0 956.0
304.0 660.0
1280.0 319.0
730.0 1121.0
1008.0 774.0
1383.0 1332.0
872.0 1838.0
1530.0 476.0
1345.0 685.0
1145.0 944.0
740.0 1291.0
125.0 1736.0
172.0 1527.0
1909.0 1304.0
1542.0 360.0
1897.0 1242.0
1621.0 1169.0
1948.0 1719.0
1586.0 1807.0
1211.0 450.0
544.0 1778.0
995.0 224.0
333.0 1413.0
15.0 567.0
1029.0 828.0
1150.0 354.0
1953.0 1514.0
1587.0 1199.0
125.0 572.0
550.0 486.0
807.0 534.0
1768.0 1430.0
370.0 39.0
1412.0 1773.0
426.0 1659.0
1696.0 1443.0
291.0 333.0
979.0 436.0
1402.0 1703.0
1200.0 552.0
845.0 872.0
1089.0 1665.0
630.0 1488.0
591.0 577.0