1627.0 989.0
1664.0 182.0
1610.0 987.0
1689.0 1929.0
751.0 1938.0
742.0 1358.0
1264.0 452.0
822.0 1337.0
1362.0 1012.0
129.0 1374.0
1788.0 159.0
657.0 237.0
1574.0 341.0
1722.0 699.0
1024.0 1944.0
297.0 1566.0
1759.0 704.0
1498.0 148.0
1042.0 1720.0
1044.0 1377.0
1731.0 1944.0
672.0 1283.0
297.0 384.0
887.0 995.0
1849.0 1326.0
505.0 315.0
29.0 1789.0
889.0 702.0
1389.0 810.0
1877.0 664.0
394.0 788.0
516.0 388.0
842.0 783.0
233.0 340.0
1501.0 468.0
708.0 576.0
1406.0 1193.0
1975.0 126.0
1061.0 440.0
709.0 1002.0
649.0 159.0
1430.0 434.0
915.0 36.0
536.0 465.0
1037.0 355.0
1136.0 1286.0
953.0 1973.0
1822.0 1792.0
1759.0 942.0
334.0 1784.0