1042.0 1595.0
1373.0 69.0
1392.0 1927.0
597.0 817.0
357.0 1412.0
1386.0 681.0
1437.0 472.0
445.0 1498.0
876.0 172.0
1435.0 963.0
1314.0 150.0
1746.0 1155.0
1548.0 67.0
436.0 1152.0
199.0 1665.0
277.0 1745.0
1616.0 1910.0
1263.0 1593.0
55.0 353.0
69.0 1712.0
370.0 1931.0
1092.0 176.0
1102.0 1417.0
1221.0 1737.0
240.0 49.0
302.0 1889.0
825.0 1847.0
1497.0 908.0
1672.0 1635.0
1037.0 323.0
1369.0 1040.0
1608.0 1892.0
1019.0 1075.0
1854.0 1655.0
480.0 774.0
331.0 1752.0
893.0 432.0
868.0 1989.0
1393.0 771.0
1308.0 469.0
1379.0 642.0
162.0 643.0
259.0 717.0
600.0 342.0
1219.0 731.0
1182.0 1743.0
863.0 626.0
621.0 1247.0
1303.0 101.0
544.0 1330.0
1517.0 1659.0
1788.0 1147.0
1354.0 1288.0
16.0 780.0
651.0 1258.0
967.0 243.0
1544.0 1826.0
1738.0 1164.0
1973.0 1021.0
1891.0 1207.0
1442.0 1262.0
205.0 343.0
381.0 410.0
263.0 404.0
615.0 560.0
71.0 1182.0
1556.0 1619.0
235.0 1022.0
828.0 677.0
426.0 986.0
190.0 1906.0
1353.0 1301.0
1653.0 885.0
538.0 385.0
1986.0 1243.0
1071.0 626.0
760.0 1842.0
717.0 1088.0
1015.0 926.0
1019.0 1880.0
256.0 584.0
249.0 496.0
296.0 1715.0
1293.0 453.0
40.0 1629.0
1000.0 1763.0
336.0 14.0
359.0 1584.0
1852.0 288.0
310.0 549.0
1566.0 1018.0
1904.0 282.0
59.0 715.0
1009.0 1533.0
2.0 1360.0
1420.0 1615.0
1159.0 50.0
1432.0 1147.0
62.0 751.0
1717.0 1540.0
1058.0 1987.0
1485.0 1257.0
885.0 1986.0
789.0 648.0
834.0 1557.0
802.0 1212.0
222.0 559.0
505.0 1732.0
941.0 171.0
1679.0 738.0
1409.0 276.0
991.0 349.0
1245.0 1360.0
1322.0 1588.0
1576.0 1050.0
1768.0 1646.0
1805.0 91.0
876.0 1683.0
639.0 1572.0
1046.0 1312.0
474.0 1546.0
2.0 843.0
1813.0 174.0
894.0 1316.0
547.0 648.0
74.0 724.0
1624.0 1119.0
1783.0 1765.0
1049.0 1656.0
321.0 878.0
812.0 57.0
1513.0 1449.0
1455.0 1737.0
299.0 194.0
1140.0 262.0
1807.0 878.0
810.0 914.0
1259.0 1270.0
1959.0 1226.0
1749.0 30.0
1329.0 308.0
245.0 1223.0
428.0 1381.0
1289.0 1581.0
797.0 29.0
707.0 829.0
1821.0 1824.0
77.0 23.0
986.0 1905.0
797.0 1388.0
1352.0 1564.0
499.0 1477.0
228.0 1712.0
1935.0 799.0
1864.0 488.0
1007.0 646.0
1850.0 1365.0
1558.0 381.0
752.0 666.0
1353.0 920.0
334.0 163.0
1170.0 1494.0
64.0 1730.0
824.0 686.0
1331.0 1303.0
1254.0 1956.0
893.0 28.0
1175.0 1752.0
109.0 363.0
19.0 1004.0
253.0 636.0
1794.0 256.0
436.0 1422.0
1504.0 1468.0
248.0 1249.0
810.0 985.0
1232.0 1630.0
468.0 1820.0
1592.0 1220.0
1948.0 1056.0
334.0 144.0
1337.0 1903.0
345.0 1432.0
894.0 749.0
441.0 196.0
731.0 881.0
1369.0 841.0
434.0 656.0
193.0 259.0
1991.0 1416.0
616.0 1183.0
256.0 502.0
551.0 258.0
684.0 1540.0
1321.0 938.0
192.0 1155.0
1294.0 1679.0
940.0 1216.0
223.0 1028.0
1389.0 294.0
1771.0 1632.0
1547.0 1857.0
160.0 1508.0
1314.0 154.0
1942.0 809.0
207.0 68.0
261.0 119.0
176.0 673.0
199.0 1156.0
1822.0 689.0
1511.0 583.0
70.0 793.0
1033.0 616.0
978.0 1452.0
195.0 1878.0
1239.0 1000.0
1673.0 388.0
760.0 640.0
215.0 641.0
535.0 513.0
759.0 1698.0
1179.0 1972.0
706.0 1454.0
30.0 799.0
419.0 214.0
381.0 712.0
279.0 0.0
819.0 1111.0
1777.0 703.0
223.0 1942.0
26.0 896.0
1441.0 1944.0
821.0 146.0
692.0 1859.0
1008.0 819.0
1125.0 27.0
423.0 1284.0
913.0 524.0
467.0 1304.0
941.0 1300.0
992.0 510.0
783.0 620.0
1020.0 392.0
506.0 1521.0
683.0 1432.0
1031.0 1634.0
1831.0 1462.0
782.0 1016.0
1012.0 1728.0
1972.0 1245.0
962.0 1215.0
686.0 186.0
59.0 529.0
1460.0 1010.0
1613.0 745.0
1921.0 676.0
1858.0 591.0
887.0 17.0
1866.0 1829.0
1967.0 1867.0
474.0 263.0
382.0 1669.0
878.0 910.0
499.0 253.0
666.0 17.0
1052.0 1906.0
1806.0 584.0
489.0 1204.0
1991.0 447.0
920.0 1287.0
962.0 1940.0
1231.0 1651.0
860.0 1549.0
25.0 1420.0
406.0 873.0
503.0 808.0
1252.0 433.0
888.0 1458.0
867.0 1290.0
1907.0 1243.0
1098.0 330.0
81.0 439.0
1002.0 1284.0
1816.0 651.0
607.0 850.0
433.0 673.0
1033.0 1182.0
1163.0 1957.0
1508.0 797.0
409.0 384.0
1490.0 1688.0
1046.0 1886.0
1995.0 1704.0
873.0 814.0
827.0 1486.0
499.0 565.0
986.0 1949.0
1077.0 1888.0
1688.0 1797.0
1519.0 356.0
551.0 252.0
339.0 579.0
211.0 1706.0
1832.0 1358.0
1148.0 1569.0
1995.0 1281.0
84.0 439.0
1791.0 1936.0
68.0 578.0
181.0 1452.0
841.0 1663.0
775.0 1681.0
60.0 751.0
1758.0 191.0
815.0 879.0
723.0 1843.0
754.0 1090.0
1794.0 1346.0
438.0 1997.0
283.0 962.0
921.0 671.0
611.0 1588.0
1072.0 1754.0
599.0 129.0
1475.0 1090.0
1888.0 304.0
1969.0 1649.0
594.0 1538.0
420.0 1701.0
718.0 1370.0
1856.0 1735.0
1544.0 1900.0
1909.0 1849.0
1091.0 609.0
1061.0 347.0
1303.0 420.0
127.0 1817.0
1301.0 172.0
1512.0 1189.0
1617.0 1351.0
1707.0 1900.0
206.0 575.0
72.0 1656.0
1688.0 107.0
1656.0 562.0
1803.0 69.0
1361.0 1937.0
1553.0 931.0
724.0 1795.0
488.0 1141.0
900.0 199.0
1201.0 714.0
609.0 1109.0
341.0 1390.0
1170.0 347.0
1506.0 1268.0
754.0 1493.0
883.0 1884.0
1937.0 1991.0
622.0 642.0
1115.0 1818.0
647.0 611.0
197.0 1841.0
1794.0 1788.0
1619.0 870.0
806.0 464.0
135.0 214.0
588.0 934.0
261.0 806.0
1655.0 1421.0
881.0 1761.0
1757.0 93.0
810.0 1311.0
1204.0 1692.0
1312.0 291.0
856.0 25.0
1040.0 1233.0
56.0 1528.0
160.0 746.0
176.0 443.0
854.0 1941.0
65.0 537.0
995.0 172.0
1181.0 1597.0
301.0 176.0
1551.0 286.0
1674.0 1722.0
1447.0 1798.0
520.0 1840.0
371.0 866.0
537.0 1024.0
793.0 1861.0
396.0 971.0
1440.0 713.0
1639.0 1793.0
1839.0 675.0
1856.0 565.0
1053.0 1554.0
731.0 1372.0
1960.0 547.0
1917.0 1352.0
81.0 1636.0
672.0 1467.0
1140.0 1667.0
1439.0 138.0
1957.0 418.0
1841.0 1233.0
342.0 1290.0
1426.0 173.0
1445.0 761.0
749.0 713.0
1250.0 1418.0
1926.0 648.0
1071.0 287.0
1043.0 635.0
640.0 445.0
1627.0 608.0
145.0 1171.0
1863.0 776.0
631.0 1896.0
1845.0 1619.0
622.0 1201.0
1067.0 315.0
1570.0 1724.0
1144.0 217.0
858.0 1165.0
710.0 1207.0
94.0 1650.0
1084.0 1139.0
1417.0 1732.0
1328.0 909.0
1449.0 1309.0
458.0 1358.0
387.0 352.0
3.0 869.0
676.0 937.0
780.0 462.0
1955.0 66.0
1883.0 1793.0
2.0 719.0
384.0 1557.0
1426.0 1048.0
102.0 287.0
70.0 1712.0
998.0 155.0
112.0 1286.0
837.0 69.0
1976.0 71.0
1501.0 1397.0
1019.0 1214.0
1273.0 661.0
784.0 538.0
617.0 848.0
934.0 1818.0
774.0 1016.0
825.0 1063.0
831.0 1348.0
1315.0 526.0
1010.0 1540.0
191.0 169.0
1463.0 483.0
137.0 1401.0
662.0 216.0
1969.0 1.0
121.0 1033.0
1198.0 946.0
124.0 77.0
63.0 527.0
560.0 11.0
108.0 1612.0
991.0 1204.0
92.0 1592.0
921.0 426.0
1744.0 1188.0
1101.0 1900.0
44.0 271.0
1556.0 175.0
774.0 1599.0
520.0 682.0
855.0 782.0
162.0 1470.0
1086.0 751.0
1232.0 1664.0
356.0 1291.0
1252.0 1061.0
154.0 1517.0
1754.0 1417.0
1662.0 1686.0
530.0 139.0
989.0 733.0
891.0 1608.0
1554.0 1255.0
337.0 275.0
1420.0 1326.0
1117.0 478.0
1214.0 114.0
1883.0 552.0
896.0 1993.0
1289.0 915.0
1379.0 596.0
1035.0 432.0
1090.0 1279.0
1819.0 1338.0
1956.0 436.0
1949.0 1691.0
1565.0 30.0
1185.0 415.0
1892.0 1605.0
1522.0 1283.0
1680.0 1210.0
1323.0 937.0
1915.0 1728.0
953.0 44.0
841.0 1573.0
604.0 650.0
1681.0 1260.0
247.0 50.0
826.0 1721.0
1831.0 1755.0
1041.0 1848.0
1424.0 175.0
646.0 1258.0
514.0 1427.0
1351.0 317.0
1819.0 1236.0
1556.0 1158.0
566.0 1775.0
18.0 702.0
1281.0 44.0
891.0 1414.0
1372.0 1992.0
418.0 360.0
1533.0 1070.0
1524.0 1164.0
1393.0 1266.0
1290.0 1652.0
605.0 1114.0
1899.0 725.0
1346.0 1545.0
479.0 1538.0
879.0 1448.0
1710.0 166.0
1680.0 1123.0
1878.0 350.0
84.0 942.0
1563.0 705.0
1037.0 466.0
1305.0 1997.0
1361.0 680.0
1190.0 607.0
1629.0 1841.0
1667.0 861.0
1288.0 159.0
96.0 404.0
997.0 1796.0
191.0 1578.0
99.0 1765.0
752.0 1663.0
639.0 746.0
1020.0 181.0
329.0 1077.0
270.0 953.0
1508.0 684.0
1867.0 989.0
1910.0 245.0
258.0 1107.0
463.0 1101.0
63.0 584.0
887.0 484.0
313.0 730.0
1904.0 1769.0
1131.0 1623.0
1851.0 1358.0
240.0 1156.0
486.0 1464.0
1671.0 503.0
1171.0 661.0
358.0 1922.0
1700.0 857.0
379.0 1677.0
1697.0 1799.0
446.0 734.0
684.0 1097.0
546.0 1335.0
1180.0 733.0
138.0 476.0
950.0 316.0
1192.0 607.0
1211.0 1607.0
720.0 1882.0
746.0 1872.0
1900.0 312.0
581.0 1522.0
1001.0 497.0
993.0 1086.0
1054.0 1057.0
1623.0 20.0
268.0 787.0
135.0 970.0
1953.0 1151.0
397.0 1372.0
1527.0 1181.0
1675.0 1632.0
522.0 948.0
1062.0 660.0
998.0 1588.0
1981.0 919.0
174.0 1372.0
1636.0 512.0
825.0 185.0
591.0 1343.0
1159.0 428.0
825.0 1231.0
1986.0 1943.0
581.0 1300.0
1760.0 1252.0
683.0 1494.0
724.0 1601.0
852.0 1850.0
1268.0 1276.0
1457.0 778.0
693.0 486.0
405.0 960.0
1170.0 279.0
1924.0 1924.0
1468.0 1439.0
755.0 1119.0
251.0 212.0
1006.0 604.0
1459.0 13.0
808.0 794.0
338.0 858.0
1149.0 480.0
1253.0 1533.0
1572.0 542.0
1642.0 1081.0
1184.0 1467.0
721.0 229.0
598.0 304.0
59.0 477.0
24.0 977.0
1332.0 1206.0
1104.0 1363.0
1822.0 1740.0
1864.0 1215.0
834.0 458.0
1350.0 1505.0
379.0 852.0
1590.0 1997.0
1550.0 1188.0
1295.0 1311.0
17.0 1168.0
759.0 941.0
829.0 53.0
1554.0 1899.0
1582.0 386.0
998.0 1723.0
679.0 1763.0
1258.0 655.0
1058.0 807.0
173.0 1532.0
149.0 1809.0
1682.0 1437.0
1777.0 600.0
249.0 625.0
1667.0 1355.0
649.0 1778.0
509.0 757.0
1274.0 1475.0
831.0 760.0
1903.0 1733.0
415.0 57.0
1168.0 1558.0
1512.0 888.0
1621.0 1334.0
190.0 1963.0
783.0 1815.0
1999.0 662.0
1969.0 1905.0
117.0 1017.0
1563.0 1056.0
393.0 405.0
1655.0 1355.0
129.0 1660.0
1852.0 1921.0
410.0 948.0
1056.0 1025.0
1505.0 1720.0
1931.0 1558.0
90.0 636.0
22.0 1501.0
1124.0 90.0
1874.0 5.0
1588.0 766.0
1414.0 1954.0
301.0 1386.0
1120.0 1918.0
1666.0 439.0
1180.0 173.0
1426.0 1593.0
1538.0 1643.0
274.0 349.0
330.0 260.0
1464.0 961.0
1082.0 367.0
947.0 1072.0
1440.0 1208.0
376.0 489.0
1772.0 297.0
88.0 1436.0
1397.0 1284.0
829.0 432.0
1531.0 399.0
707.0 1571.0
1452.0 637.0
451.0 911.0
512.0 549.0
122.0 838.0
719.0 993.0
1689.0 1914.0
227.0 1318.0
934.0 1914.0
1240.0 1002.0
1295.0 957.0
1407.0 1191.0
1727.0 308.0
498.0 810.0
1080.0 1488.0
1650.0 1512.0
976.0 1120.0
172.0 1646.0
457.0 948.0
1962.0 436.0
1368.0 1027.0
1349.0 1981.0
1960.0 149.0
1368.0 1805.0
1959.0 1966.0
896.0 1704.0
1981.0 840.0
16.0 1299.0
188.0 939.0
1490.0 1753.0
931.0 860.0
1399.0 1916.0
957.0 463.0
494.0 1686.0
1271.0 1658.0
1875.0 298.0
671.0 280.0
1039.0 28.0
584.0 1095.0
1326.0 618.0
217.0 319.0
1118.0 1494.0
1333.0 671.0
1763.0 1089.0
1797.0 517.0
1159.0 117.0
994.0 521.0
1007.0 255.0
127.0 919.0
969.0 1767.0
1810.0 519.0
433.0 381.0
1171.0 1035.0
1970.0 1618.0
1725.0 756.0
761.0 912.0
706.0 897.0
518.0 455.0
1260.0 1254.0
1132.0 1685.0
605.0 885.0
1512.0 1217.0
375.0 11.0
1150.0 1829.0
1336.0 1881.0
174.0 277.0
510.0 1437.0
134.0 64.0
1592.0 1117.0
1745.0 1266.0
573.0 416.0
1373.0 1267.0
229.0 761.0
730.0 80.0
421.0 1440.0
1358.0 1956.0
616.0 975.0
150.0 322.0
1417.0 1478.0
199.0 1426.0
1086.0 331.0
595.0 1349.0
894.0 321.0
1302.0 1431.0
1394.0 20.0
32.0 545.0
1929.0 1423.0
1469.0 983.0
150.0 218.0
624.0 708.0
852.0 307.0
1518.0 656.0
1914.0 199.0
1335.0 1804.0
1946.0 1694.0
1679.0 10.0
211.0 720.0
618.0 539.0
1174.0 552.0
1143.0 566.0
389.0 3.0
659.0 530.0
759.0 1125.0
894.0 977.0
713.0 232.0
123.0 265.0
111.0 1666.0
1952.0 751.0
1687.0 1362.0
1518.0 1810.0
1214.0 1686.0
474.0 1458.0
460.0 1645.0
1530.0 843.0
171.0 1460.0
283.0 1698.0
405.0 1967.0
287.0 1034.0
1803.0 885.0
548.0 1747.0
34.0 344.0
1951.0 593.0
71.0 384.0
920.0 660.0
1284.0 1012.0
1663.0 41.0
1354.0 516.0
1244.0 92.0
430.0 1125.0
276.0 504.0
1728.0 1770.0
888.0 957.0
1174.0 155.0
1479.0 797.0
440.0 85.0
1747.0 1411.0
197.0 830.0
401.0 1904.0
1011.0 1635.0
1962.0 275.0
1331.0 480.0
1583.0 932.0
1106.0 554.0
1705.0 1086.0
1851.0 557.0
1582.0 567.0
1339.0 990.0
1184.0 1693.0
1213.0 1516.0
1167.0 1166.0
1683.0 1127.0
1119.0 1396.0
1318.0 1836.0
1428.0 1643.0
1748.0 61.0
9.0 737.0
1593.0 1898.0
464.0 1817.0
121.0 1262.0
948.0 1547.0
1481.0 680.0
891.0 923.0
1373.0 467.0
855.0 1397.0
1276.0 1061.0
1403.0 1794.0
656.0 1505.0
267.0 202.0
585.0 1353.0
1308.0 70.0
1201.0 1651.0
794.0 1200.0
314.0 1366.0
121.0 378.0
1188.0 1522.0
147.0 1767.0
986.0 810.0
783.0 106.0
412.0 1103.0
35.0 1833.0
344.0 362.0
1040.0 1357.0
961.0 1445.0
1804.0 937.0
1634.0 1798.0
973.0 1301.0
812.0 105.0
417.0 1606.0
1578.0 1337.0
315.0 1083.0
438.0 715.0
72.0 1974.0
788.0 88.0
1151.0 1109.0
588.0 1205.0
1734.0 1837.0
53.0 160.0
385.0 754.0
189.0 40.0
1446.0 1989.0
1125.0 1801.0
76.0 11.0
1097.0 851.0
1746.0 85.0
45.0 151.0
924.0 1969.0
1011.0 1166.0
167.0 189.0
250.0 693.0
734.0 483.0
1376.0 1224.0
597.0 1557.0
1303.0 458.0
803.0 630.0
246.0 478.0
1181.0 1811.0
598.0 1894.0
1804.0 1965.0
253.0 389.0
1088.0 1075.0
1592.0 1139.0
63.0 1936.0
1520.0 157.0
790.0 62.0
1583.0 485.0
656.0 278.0
589.0 285.0
1316.0 1126.0
387.0 1324.0
696.0 1021.0
240.0 699.0
1556.0 1910.0
473.0 911.0
946.0 1246.0
987.0 1859.0
753.0 419.0
1789.0 1937.0
1160.0 268.0
1745.0 381.0
1127.0 159.0
233.0 445.0
1433.0 1379.0
390.0 1369.0
1959.0 1011.0
1275.0 235.0
902.0 1322.0
1840.0 99.0
1744.0 1361.0
387.0 1274.0
352.0 499.0
1768.0 1713.0
599.0 1418.0
401.0 1014.0
1291.0 1848.0
409.0 417.0
1567.0 995.0
731.0 945.0
1630.0 45.0
1344.0 862.0
961.0 911.0
964.0 1067.0
1296.0 386.0
1066.0 1066.0
149.0 698.0
374.0 715.0
1836.0 816.0
1832.0 131.0
167.0 922.0
1737.0 1589.0
1053.0 1897.0
669.0 367.0
1874.0 462.0
793.0 1284.0
1042.0 1721.0
1726.0 1009.0
1623.0 928.0
867.0 1982.0
571.0 1289.0
81.0 212.0
71.0 981.0
1927.0 661.0
41.0 280.0
718.0 1132.0
1924.0 1193.0
887.0 1586.0
1457.0 1218.0
385.0 1498.0
516.0 884.0
1126.0 778.0
361.0 1115.0
853.0 374.0
381.0 921.0
186.0 1435.0
874.0 226.0
9.0 84.0
154.0 820.0
10.0 12.0
1580.0 32.0
1215.0 1378.0
387.0 1113.0
1585.0 738.0
716.0 264.0
807.0 1525.0
856.0 1050.0
1128.0 1335.0
536.0 1543.0
392.0 257.0
583.0 1199.0
1471.0 835.0
913.0 1026.0
1639.0 224.0
1777.0 1644.0
948.0 149.0
1143.0 1820.0
1182.0 1719.0
1881.0 1504.0
1369.0 792.0
288.0 191.0
646.0 854.0
148.0 114.0
290.0 640.0
850.0 1248.0
396.0 70.0
1929.0 1044.0
1444.0 1452.0
36.0 1901.0
1967.0 106.0
753.0 690.0
1511.0 1699.0
1584.0 1312.0
1023.0 1440.0
1352.0 1681.0
1541.0 1689.0
1763.0 10.0
1360.0 1023.0
1386.0 482.0
664.0 841.0
1403.0 1930.0
484.0 1017.0
1526.0 926.0
239.0 1033.0
311.0 406.0
276.0 1320.0
446.0 345.0
345.0 1819.0
27.0 879.0
1096.0 1010.0
532.0 352.0
1367.0 600.0
633.0 1919.0
905.0 486.0
1614.0 1485.0
1406.0 1477.0
663.0 1307.0
933.0 1085.0
851.0 783.0
738.0 1247.0
1935.0 178.0
1355.0 1148.0
1660.0 1925.0
1420.0 64.0
1834.0 157.0
170.0 591.0
451.0 930.0
1429.0 714.0
564.0 15.0
1398.0 1517.0
1686.0 999.0
952.0 504.0
11.0 117.0
1859.0 936.0
1140.0 461.0
323.0 145.0
399.0 917.0
135.0 107.0
654.0 1098.0
53.0 1719.0
723.0 1488.0
780.0 940.0
1047.0 1305.0
513.0 49.0
1738.0 609.0
539.0 1993.0
340.0 788.0
570.0 1799.0
1114.0 573.0
1825.0 620.0
109.0 1163.0
484.0 1204.0
1228.0 402.0
1693.0 1113.0
761.0 92.0
729.0 290.0
1321.0 1002.0
1855.0 1821.0
437.0 971.0
1057.0 1316.0
1678.0 263.0
1531.0 894.0
925.0 376.0
1080.0 1221.0
536.0 1958.0
1139.0 975.0
737.0 350.0
27.0 1387.0
1881.0 1278.0
560.0 1306.0
1889.0 1791.0
1594.0 1240.0
1169.0 1663.0
1658.0 1173.0
225.0 731.0
728.0 741.0
36.0 1670.0
1706.0 544.0
1381.0 184.0
1414.0 1046.0
1290.0 1205.0
462.0 1955.0
453.0 8.0
1659.0 1675.0
170.0 684.0
1045.0 930.0
1978.0 1784.0
1470.0 282.0
1629.0 773.0
1758.0 1674.0
1871.0 1053.0
1609.0 760.0
1041.0 1025.0
125.0 467.0
32.0 1526.0
344.0 367.0
1507.0 1438.0
918.0 1645.0
493.0 1775.0
759.0 374.0