498.0 124.0
1398.0 125.0
922.0 445.0
1060.0 588.0
1923.0 1293.0
633.0 1233.0
451.0 212.0
584.0 1214.0
1755.0 1065.0
1.0 1308.0
228.0 336.0
1094.0 1583.0
535.0 471.0
475.0 1780.0
171.0 361.0
342.0 1433.0
1561.0 1086.0
582.0 1001.0
812.0 1456.0
81.0 884.0
1269.0 73.0
1445.0 1815.0
202.0 606.0
1583.0 1884.0
1342.0 50.0
10.0 337.0
1388.0 1272.0
464.0 1645.0
605.0 1066.0
1740.0 1285.0
761.0 207.0
1679.0 138.0
1594.0 1004.0
1825.0 459.0
540.0 634.0
1040.0 1359.0
96.0 1487.0
468.0 215.0
608.0 1852.0
1635.0 612.0
1053.0 147.0
608.0 341.0
1012.0 1618.0
1741.0 362.0
1951.0 704.0
1570.0 202.0
391.0 1123.0
310.0 701.0
855.0 620.0
634.0 1095.0
1020.0 336.0
405.0 1138.0
1065.0 307.0
426.0 998.0
1687.0 243.0
326.0 88.0
1690.0 958.0
1925.0 941.0
782.0 1137.0
1572.0 825.0
1888.0 1135.0
641.0 1400.0
793.0 890.0
926.0 343.0
1525.0 177.0
1461.0 432.0
1602.0 1733.0
197.0 865.0
1780.0 665.0
603.0 968.0
421.0 518.0
1532.0 1213.0
1642.0 489.0
974.0 636.0
96.0 1754.0
1799.0 1213.0
1765.0 794.0
1965.0 1842.0
292.0 1751.0
1452.0 1804.0
488.0 62.0
326.0 58.0
1569.0 1247.0
1732.0 1200.0
1941.0 1206.0
1691.0 320.0
765.0 1691.0
1882.0 1111.0
80.0 519.0
623.0 230.0
702.0 1937.0
1306.0 1355.0
850.0 1876.0
234.0 556.0
107.0 767.0
1619.0 64.0
772.0 794.0
64.0 1338.0
670.0 1807.0
1717.0 1890.0
1311.0 524.0
606.0 242.0
1220.0 1684.0
1843.0 170.0
1506.0 1788.0
333.0 816.0
1754.0 1177.0
1938.0 1944.0
427.0 964.0
1676.0 555.0
754.0 1894.0
1799.0 167.0
172.0 550.0
1433.0 115.0
28.0 300.0
285.0 1949.0
1623.0 257.0
616.0 898.0
701.0 949.0
572.0 1706.0
498.0 1277.0
26.0 1661.0
986.0 615.0
1634.0 710.0
612.0 75.0
615.0 642.0
1677.0 784.0
1662.0 1413.0
181.0 1015.0
1780.0 122.0
207.0 1832.0
1375.0 516.0
241.0 1864.0
717.0 1045.0
1260.0 1268.0
1609.0 1242.0
37.0 348.0
1484.0 1698.0
1586.0 1054.0
1871.0 554.0
1728.0 1998.0
1247.0 1638.0
1089.0 960.0
729.0 765.0
99.0 1106.0
1685.0 1249.0
715.0 1592.0
944.0 1178.0
1521.0 1413.0
1041.0 271.0
869.0 1634.0
1277.0 288.0
159.0 1583.0
517.0 1986.0
372.0 772.0
557.0 280.0
1348.0 162.0
1768.0 1322.0
1281.0 1658.0
543.0 869.0
154.0 650.0
112.0 1119.0
1365.0 1536.0
339.0 869.0
1819.0 1596.0
1624.0 1907.0
348.0 502.0
1708.0 318.0
1588.0 233.0
1611.0 722.0
854.0 827.0
175.0 1748.0
1188.0 537.0
1254.0 1555.0
33.0 1268.0
354.0 927.0
397.0 1730.0
1417.0 1750.0
1072.0 1491.0
445.0 679.0
1250.0 1617.0
1206.0 1173.0
1894.0 1122.0
907.0 1850.0
1815.0 846.0
1456.0 1205.0
875.0 1943.0
1145.0 1873.0
1076.0 1977.0
1821.0 580.0
1125.0 560.0
662.0 1713.0
610.0 1744.0
1684.0 1994.0
864.0 1318.0
881.0 1493.0
507.0 1497.0
1391.0 457.0
1382.0 171.0
622.0 1126.0
1933.0 1682.0
1546.0 1423.0
679.0 765.0
1024.0 229.0
1480.0 933.0
961.0 577.0
1074.0 1875.0
1824.0 1805.0
443.0 1640.0
213.0 607.0
1513.0 668.0
1492.0 243.0
314.0 950.0
488.0 996.0
289.0 1365.0
440.0 1543.0
26.0 1001.0
11.0 245.0
1087.0 625.0
680.0 531.0
1939.0 1314.0
1271.0 863.0
1563.0 1264.0
1907.0 184.0
1053.0 700.0
336.0 602.0
1248.0 1914.0
1833.0 981.0
291.0 1038.0
707.0 1114.0
906.0 1651.0
622.0 338.0
482.0 1975.0
1465.0 42.0
1030.0 630.0
1844.0 686.0
282.0 370.0
705.0 1041.0
1972.0 1660.0
436.0 646.0
1083.0 1346.0
1626.0 1423.0
680.0 212.0
1189.0 1519.0
1865.0 740.0
453.0 974.0
116.0 858.0
1747.0 1769.0
1529.0 881.0
199.0 1571.0
1088.0 674.0
457.0 252.0
1521.0 1962.0
1764.0 1803.0
1138.0 875.0
1158.0 1275.0
1195.0 220.0
597.0 400.0
1349.0 1790.0
1292.0 757.0
833.0 1836.0
98.0 1188.0
470.0 1805.0
876.0 49.0
1618.0 970.0
328.0 1875.0
849.0 998.0
570.0 1151.0
1644.0 783.0
372.0 866.0
616.0 1568.0
814.0 1035.0
1775.0 16.0
1046.0 1444.0
1708.0 1835.0
1329.0 891.0
1616.0 1530.0
1775.0 1697.0
161.0 1281.0
860.0 285.0
978.0 918.0
1890.0 1742.0
1918.0 153.0
508.0 636.0
1550.0 324.0
630.0 426.0
1418.0 992.0
1280.0 1066.0
1660.0 1825.0
1121.0 1948.0
608.0 31.0
1896.0 293.0
1735.0 435.0
894.0 744.0
1259.0 1722.0
296.0 115.0
1549.0 249.0
344.0 1353.0
986.0 445.0
1826.0 1975.0
1900.0 269.0
556.0 1637.0
957.0 1167.0
1599.0 1452.0
1334.0 915.0
1899.0 1294.0
117.0 512.0
1942.0 806.0
1309.0 665.0
164.0 125.0
7.0 1756.0
979.0 886.0
1607.0 983.0
1326.0 1959.0
313.0 1671.0
1233.0 1028.0
1738.0 1982.0
1004.0 1210.0
1923.0 960.0
560.0 1396.0
784.0 1754.0
230.0 622.0
63.0 1808.0
1951.0 1716.0
628.0 1986.0
1318.0 181.0
1738.0 26.0
466.0 1402.0
307.0 1076.0
1047.0 925.0
624.0 458.0
956.0 903.0
1212.0 1771.0
1320.0 1242.0
802.0 472.0
342.0 1576.0
896.0 1515.0
743.0 430.0
1443.0 164.0
118.0 481.0
161.0 1137.0
758.0 931.0
1142.0 1193.0
1560.0 162.0
1030.0 1621.0
1353.0 1982.0
1298.0 1995.0
1480.0 388.0
69.0 841.0
1830.0 1307.0