1095.0 774.0
1137.0 797.0
382.0 1769.0
1911.0 1238.0
342.0 915.0
367.0 1709.0
516.0 1587.0
846.0 1886.0
337.0 1503.0
1261.0 250.0
1291.0 1738.0
1698.0 223.0
709.0 1678.0
941.0 233.0
1167.0 107.0
1790.0 1764.0
832.0 588.0
1460.0 1485.0
1503.0 1666.0
543.0 1252.0
18.0 751.0
1415.0 704.0
1613.0 1489.0
630.0 1295.0
1420.0 1258.0
832.0 1976.0
28.0 1464.0
1971.0 143.0
851.0 1333.0
1817.0 1444.0
192.0 1389.0
250.0 633.0
1693.0 567.0
1599.0 846.0
1409.0 499.0
369.0 1451.0
258.0 174.0
944.0 649.0
967.0 1013.0
687.0 1949.0
732.0 1204.0
1997.0 1602.0
1727.0 1561.0
911.0 1394.0
1751.0 281.0
936.0 353.0
4.0 494.0
954.0 246.0
1745.0 1229.0
630.0 550.0
1286.0 848.0
1408.0 47.0
938.0 484.0
782.0 174.0
1366.0 1585.0
719.0 701.0
1541.0 161.0
1672.0 525.0
759.0 111.0
698.0 1771.0
1205.0 1310.0
1615.0 594.0
798.0 1987.0
1395.0 782.0
432.0 192.0
159.0 1048.0
819.0 1421.0
1408.0 1779.0
1407.0 661.0
374.0 1457.0
1549.0 506.0
1945.0 882.0
1899.0 54.0
1542.0 379.0
1977.0 512.0
695.0 783.0
161.0 1623.0
977.0 893.0
484.0 1438.0
7.0 1109.0
398.0 308.0
1964.0 1112.0
603.0 1007.0
1109.0 1115.0
1364.0 1028.0
1164.0 1959.0
1106.0 1861.0
257.0 817.0
1155.0 999.0
1003.0 1761.0
473.0 1055.0
1804.0 561.0
1312.0 1945.0
819.0 1092.0
1944.0 1269.0
203.0 128.0
1792.0 526.0
977.0 1961.0
1188.0 152.0
1619.0 748.0
1677.0 6.0
99.0 36.0
1911.0 1157.0
1771.0 1741.0
1376.0 984.0
1274.0 1635.0
1579.0 336.0
1836.0 1701.0
1108.0 1832.0
1928.0 1452.0
1631.0 1691.0
1827.0 546.0
265.0 962.0
819.0 1473.0
544.0 398.0
1598.0 873.0
943.0 1870.0
1392.0 252.0
1217.0 1966.0
1402.0 1658.0
1510.0 1148.0
392.0 85.0
1619.0 424.0
91.0 1840.0
1156.0 1047.0
501.0 681.0
1789.0 212.0
196.0 1263.0
1102.0 596.0
293.0 1922.0
1908.0 1012.0
554.0 1638.0
684.0 417.0
1526.0 227.0
1635.0 1108.0
1956.0 125.0
1993.0 232.0
440.0 1162.0
660.0 1017.0
1181.0 677.0
1841.0 1387.0
14.0 47.0
5.0 1428.0
1744.0 1372.0
577.0 1175.0
1740.0 49.0
1012.0 1390.0
779.0 1320.0
1002.0 1763.0
857.0 13.0
547.0 555.0
124.0 617.0
1966.0 1680.0
1534.0 24.0
1780.0 201.0
54.0 569.0
529.0 552.0
1430.0 353.0
1100.0 1135.0
429.0 1581.0
1912.0 208.0
1179.0 770.0
148.0 16.0
917.0 962.0
1693.0 456.0
239.0 526.0
35.0 1752.0
1702.0 418.0
1528.0 631.0
1344.0 274.0
101.0 1707.0
1098.0 1567.0
1399.0 1425.0
273.0 1701.0
1286.0 1082.0
29.0 1140.0
695.0 1347.0
775.0 617.0
439.0 31.0
876.0 505.0
279.0 1075.0
585.0 1802.0
1080.0 1709.0
70.0 93.0
380.0 1794.0
895.0 891.0
459.0 1603.0
1261.0 1083.0
551.0 571.0
276.0 1518.0
1127.0 1576.0
741.0 1607.0
1360.0 1267.0
500.0 1898.0
962.0 1597.0
500.0 1264.0
1630.0 1496.0
286.0 548.0
630.0 1888.0
944.0 942.0
1836.0 852.0
1442.0 1257.0
1900.0 1141.0
548.0 1058.0
294.0 953.0
1059.0 1023.0
1363.0 1548.0
602.0 106.0
329.0 1941.0
949.0 1401.0
761.0 48.0
1345.0 12.0
1798.0 1293.0
975.0 1282.0
688.0 132.0
168.0 1575.0
766.0 1938.0
1850.0 926.0
1738.0 1605.0
177.0 935.0
1159.0 1537.0
625.0 910.0
1421.0 1660.0
623.0 16.0
1253.0 1292.0
1007.0 634.0
1728.0 1419.0
1735.0 1888.0
833.0 388.0
1027.0 1814.0
1115.0 1037.0
1058.0 1774.0
437.0 864.0
702.0 1391.0
811.0 392.0
121.0 1903.0
46.0 389.0
1426.0 509.0
555.0 1083.0
1815.0 573.0
1384.0 173.0
293.0 385.0
602.0 354.0
586.0 544.0
1605.0 609.0
348.0 1397.0
1851.0 799.0
1970.0 39.0
1510.0 1602.0
912.0 1296.0