158.0 249.0
529.0 1249.0
1881.0 1890.0
1619.0 107.0
1282.0 1887.0
1572.0 137.0
789.0 1245.0
293.0 1889.0
1550.0 1721.0
363.0 1932.0
1931.0 1148.0
96.0 1308.0
1741.0 673.0
696.0 154.0
248.0 709.0
1710.0 1453.0
810.0 649.0
1068.0 1544.0
1944.0 166.0
745.0 1328.0
1556.0 1679.0
93.0 1464.0
795.0 1996.0
1409.0 1516.0
1515.0 200.0
721.0 1095.0
1361.0 1048.0
403.0 929.0
752.0 485.0
1217.0 1640.0
382.0 1097.0
1713.0 809.0
1240.0 131.0
983.0 1099.0
262.0 950.0
1904.0 1417.0
89.0 52.0
1023.0 826.0
1681.0 626.0
453.0 831.0
971.0 41.0
105.0 120.0
120.0 1881.0
1767.0 627.0
1609.0 1673.0
661.0 1266.0
1109.0 1647.0
1952.0 519.0
1229.0 72.0
245.0 1807.0
903.0 1189.0
1035.0 873.0
566.0 403.0
1150.0 18.0
475.0 1797.0
1975.0 862.0
629.0 880.0
1478.0 1108.0
1123.0 1411.0
1986.0 1062.0
1674.0 720.0
871.0 12.0
1811.0 1484.0
1198.0 204.0
1820.0 1103.0
682.0 1512.0
126.0 967.0
14.0 485.0
542.0 1136.0
557.0 1875.0
813.0 1800.0
841.0 717.0
234.0 1522.0
541.0 1967.0
1272.0 1962.0
262.0 655.0
1658.0 671.0
1020.0 682.0
1962.0 946.0
1102.0 1292.0
73.0 1722.0
779.0 203.0
1728.0 1825.0
717.0 784.0
1861.0 190.0
1728.0 1523.0
1306.0 848.0
657.0 1282.0
1936.0 1539.0
1793.0 333.0
169.0 1442.0
233.0 1649.0
1178.0 1914.0
1991.0 1872.0
607.0 231.0
1350.0 889.0
488.0 269.0
1276.0 1417.0
369.0 709.0
1148.0 702.0
1664.0 658.0
204.0 116.0
999.0 863.0
50.0 1374.0
858.0 1591.0
903.0 322.0
1034.0 672.0
1005.0 753.0
1728.0 852.0
1469.0 1345.0
69.0 1486.0
185.0 1642.0
1022.0 1710.0
576.0 441.0
229.0 665.0
511.0 660.0
1458.0 144.0
1317.0 299.0
776.0 1642.0
1599.0 1399.0
492.0 1473.0
962.0 1922.0
1393.0 1783.0
1368.0 546.0
1071.0 402.0
1553.0 1091.0
178.0 1147.0
1658.0 1264.0
1774.0 1983.0
27.0 174.0
1759.0 688.0
235.0 853.0
655.0 1915.0
142.0 28.0
1041.0 1814.0
1694.0 288.0
139.0 1478.0
119.0 384.0
288.0 1034.0
1788.0 632.0
203.0 1672.0
136.0 489.0
1544.0 1970.0
1087.0 1473.0
1452.0 357.0
1587.0 1212.0
133.0 558.0
50.0 678.0
763.0 856.0
1996.0 475.0
1942.0 758.0
674.0 862.0
1497.0 297.0
858.0 1330.0
108.0 943.0
623.0 968.0
1048.0 169.0
1397.0 1046.0
316.0 1064.0
1691.0 944.0
268.0 1107.0
649.0 1126.0
473.0 1767.0
969.0 1242.0
1339.0 507.0
1554.0 1820.0
1034.0 1198.0
1199.0 500.0
141.0 480.0
1950.0 1371.0
1177.0 1770.0
132.0 950.0
11.0 1194.0
1117.0 1119.0
1265.0 911.0
1906.0 610.0
1555.0 494.0
803.0 1602.0
559.0 143.0
1316.0 1238.0
1650.0 1495.0
997.0 883.0
82.0 178.0
1960.0 1510.0
1320.0 1132.0
1703.0 1150.0
235.0 1485.0
1870.0 68.0
1671.0 1407.0
164.0 1033.0
701.0 1101.0
951.0 1690.0
980.0 10.0
213.0 306.0
1725.0 682.0
1767.0 28.0
1044.0 1761.0
296.0 659.0
242.0 822.0
1027.0 345.0
1232.0 884.0
1402.0 1680.0
1702.0 989.0
131.0 104.0
1169.0 283.0
925.0 1830.0
1842.0 1285.0
1184.0 765.0
611.0 1738.0
1218.0 1435.0
1573.0 541.0
870.0 451.0
1734.0 637.0
1120.0 386.0
382.0 1535.0
307.0 1808.0
1912.0 922.0
763.0 1318.0
701.0 1455.0
1110.0 1478.0
1899.0 1395.0
1196.0 651.0
485.0 955.0
112.0 414.0
581.0 467.0
863.0 993.0
781.0 715.0
1446.0 588.0
634.0 846.0
176.0 931.0
361.0 224.0
108.0 1872.0
68.0 515.0
397.0 1330.0
869.0 326.0
587.0 65.0
1899.0 523.0
790.0 812.0
890.0 1395.0
1435.0 769.0
525.0 1321.0
1696.0 1577.0
1591.0 1175.0
1113.0 1262.0
214.0 121.0
1229.0 1417.0
409.0 1020.0
1282.0 780.0
1064.0 146.0
292.0 585.0
402.0 38.0
165.0 1949.0
1076.0 646.0
1359.0 1917.0
1733.0 1393.0
453.0 1579.0
991.0 959.0
1496.0 709.0
1815.0 327.0
1236.0 378.0
1806.0 145.0
1850.0 1993.0
1328.0 1913.0
537.0 1465.0
137.0 1132.0
1302.0 1055.0
167.0 1155.0
26.0 751.0
1595.0 1529.0
1642.0 786.0
41.0 298.0
1794.0 15.0
1087.0 426.0
1163.0 1385.0
403.0 1935.0
1516.0 54.0
1924.0 1708.0
1900.0 1960.0
211.0 746.0
853.0 377.0
58.0 261.0
996.0 1383.0
1482.0 465.0
1405.0 1482.0
995.0 1608.0
764.0 302.0
12.0 961.0
214.0 1922.0
1746.0 1213.0
350.0 651.0
45.0 129.0
531.0 1061.0
1998.0 1419.0
278.0 1912.0
1461.0 1316.0
714.0 323.0
1680.0 449.0
68.0 1863.0
653.0 197.0
418.0 978.0
928.0 694.0
1880.0 839.0
1936.0 842.0
773.0 1047.0
283.0 1550.0
900.0 1550.0
58.0 1058.0
1935.0 412.0
1456.0 1813.0
1277.0 1022.0
1436.0 1129.0
1980.0 1832.0
1629.0 291.0
1914.0 530.0
357.0 897.0
317.0 732.0
1814.0 1928.0
355.0 79.0
1417.0 296.0
915.0 194.0
814.0 30.0
866.0 54.0
1710.0 1335.0
1298.0 1550.0
220.0 300.0
37.0 1150.0
1338.0 1135.0
1039.0 1727.0
999.0 1407.0
57.0 1611.0
374.0 971.0
1202.0 1612.0
874.0 81.0
1936.0 1292.0
1405.0 1970.0
1092.0 936.0
320.0 1124.0
204.0 1366.0
1357.0 643.0
610.0 1680.0
1976.0 341.0
305.0 92.0
1844.0 1832.0
1303.0 1849.0
1905.0 443.0
54.0 264.0
1283.0 102.0
997.0 612.0
1135.0 1334.0
1220.0 592.0
398.0 777.0
1181.0 892.0
1028.0 1186.0
693.0 1204.0
138.0 442.0
481.0 1717.0
727.0 1460.0
6.0 1307.0
1165.0 1578.0
169.0 1228.0
1264.0 617.0
885.0 1435.0
98.0 1462.0
1290.0 1739.0
1001.0 1883.0
466.0 1952.0
993.0 1586.0
1200.0 755.0
1518.0 237.0
1314.0 1746.0
1018.0 1536.0
1893.0 1361.0
829.0 1836.0
407.0 1729.0
251.0 568.0
23.0 1243.0
791.0 1470.0
936.0 1130.0
853.0 863.0
1845.0 1394.0
204.0 1780.0
1295.0 608.0
1786.0 1602.0
1826.0 1936.0
130.0 1897.0
1126.0 325.0
1553.0 1273.0
1648.0 1145.0
1023.0 1154.0
856.0 753.0
128.0 1846.0
1478.0 91.0
346.0 861.0
774.0 151.0
1617.0 453.0
570.0 943.0
1021.0 548.0
735.0 453.0
1261.0 332.0
1335.0 1015.0
1461.0 1433.0
1141.0 673.0
243.0 74.0
184.0 912.0
1584.0 1193.0
542.0 1310.0
625.0 217.0
1002.0 847.0
1373.0 1163.0
625.0 839.0
1977.0 189.0
1694.0 1205.0
815.0 1440.0
501.0 1232.0
206.0 612.0
1620.0 1869.0
1386.0 434.0
645.0 1018.0
1204.0 533.0
1920.0 1370.0
420.0 806.0
509.0 1182.0
642.0 419.0
904.0 1772.0
1333.0 412.0
1933.0 1454.0
483.0 1369.0
1379.0 1065.0
550.0 763.0
389.0 1736.0
1888.0 1918.0
875.0 725.0
1061.0 1015.0
1319.0 980.0
999.0 1856.0
75.0 1148.0
751.0 1341.0
1064.0 979.0
1095.0 506.0
178.0 325.0
1301.0 243.0
1279.0 976.0
673.0 1487.0
1918.0 126.0
279.0 1738.0
1028.0 80.0
984.0 494.0
545.0 660.0
1099.0 173.0
65.0 19.0
1457.0 1918.0
1327.0 1274.0
1862.0 1617.0
1204.0 1666.0
115.0 1185.0
1821.0 366.0
305.0 549.0
1435.0 961.0
952.0 1490.0
531.0 1241.0
1189.0 1.0
262.0 572.0
746.0 488.0
1163.0 893.0
1887.0 616.0
919.0 1387.0
1574.0 899.0
1519.0 1271.0
1660.0 1127.0
1540.0 623.0
219.0 1308.0
190.0 1660.0
1549.0 566.0
1012.0 1332.0
460.0 358.0
1686.0 1213.0
500.0 467.0
190.0 255.0
681.0 833.0
1627.0 1189.0
101.0 1036.0
13.0 1520.0
346.0 1251.0
383.0 1271.0
1253.0 1843.0
1725.0 910.0
435.0 495.0
471.0 674.0
1022.0 217.0
654.0 767.0
1136.0 1856.0
972.0 1134.0
1753.0 438.0
1728.0 159.0
475.0 76.0
790.0 1870.0
49.0 1676.0
1157.0 1397.0
928.0 1586.0
1794.0 446.0
1110.0 1769.0
547.0 707.0
287.0 734.0
1261.0 37.0
567.0 355.0
1486.0 1845.0
1673.0 834.0
7.0 1953.0
534.0 1931.0
289.0 462.0
770.0 844.0
1425.0 1055.0
1688.0 1709.0
1542.0 640.0
1485.0 1013.0
206.0 993.0
866.0 1116.0
1353.0 898.0
1555.0 765.0
1013.0 824.0
1116.0 311.0
1736.0 1369.0
476.0 1010.0
1628.0 1913.0
529.0 1561.0
1573.0 1410.0
787.0 1079.0
494.0 1977.0
61.0 1538.0
402.0 515.0
1365.0 1055.0
150.0 1012.0
605.0 208.0
963.0 15.0
594.0 1313.0
1713.0 559.0
1442.0 475.0
319.0 752.0
43.0 402.0
1392.0 1579.0
782.0 1410.0
591.0 1453.0
801.0 785.0
979.0 3.0
1284.0 1856.0
733.0 35.0
556.0 708.0
622.0 362.0
1435.0 843.0
1206.0 1438.0
1153.0 1821.0
1607.0 1455.0
716.0 49.0
1560.0 1455.0
1770.0 840.0
181.0 842.0
687.0 1674.0
580.0 900.0
1218.0 1308.0
722.0 1614.0
1842.0 1755.0
1052.0 1669.0
1526.0 616.0
1946.0 1879.0
1537.0 911.0
885.0 1954.0
676.0 613.0
1850.0 955.0
702.0 429.0
966.0 248.0
1471.0 1479.0
1137.0 1995.0
1258.0 1959.0
1719.0 1259.0
152.0 1677.0
593.0 1200.0
1017.0 166.0
899.0 491.0
1990.0 271.0
1758.0 272.0
802.0 817.0
373.0 1985.0
1695.0 1149.0
573.0 872.0
700.0 1652.0
1918.0 1536.0
1068.0 36.0
1798.0 544.0
354.0 1627.0
925.0 566.0
1848.0 1929.0
1891.0 1116.0
1103.0 1302.0
1205.0 1194.0
417.0 909.0
1470.0 1560.0
1058.0 228.0
1098.0 589.0
1061.0 889.0
518.0 121.0
1659.0 1626.0
1059.0 1035.0
1494.0 1441.0
458.0 560.0
187.0 1754.0
153.0 1225.0
662.0 1139.0
139.0 839.0
392.0 1551.0
294.0 646.0
219.0 150.0
1614.0 307.0
1478.0 29.0
839.0 1659.0
1211.0 1181.0
424.0 1106.0
206.0 1379.0
1066.0 1677.0
577.0 100.0
431.0 1772.0
554.0 490.0
1184.0 71.0
1286.0 335.0
1183.0 1396.0
182.0 1412.0
635.0 1490.0
344.0 911.0
1906.0 1398.0
1569.0 1664.0
1217.0 303.0
1622.0 1886.0
1414.0 1352.0
1145.0 1090.0
6.0 1577.0
832.0 1679.0
1243.0 842.0
1634.0 125.0
1397.0 1654.0
1371.0 577.0
370.0 1944.0
1039.0 906.0
1800.0 1172.0
299.0 1595.0
542.0 1252.0
55.0 864.0
619.0 893.0
999.0 783.0
1606.0 782.0
113.0 732.0
428.0 597.0
729.0 392.0
321.0 1678.0
759.0 1463.0
605.0 88.0
1562.0 1565.0
39.0 918.0
950.0 373.0
416.0 831.0
57.0 558.0
1974.0 1474.0
876.0 1586.0
281.0 713.0
965.0 307.0
411.0 601.0
217.0 1605.0
800.0 596.0
1374.0 866.0
1364.0 1339.0
1214.0 958.0
1004.0 723.0
1815.0 1304.0
1156.0 34.0
384.0 729.0
216.0 1622.0
1334.0 1260.0
46.0 515.0
5.0 330.0
1329.0 1623.0
466.0 1888.0
1065.0 764.0
261.0 1072.0
917.0 873.0
564.0 561.0
1818.0 1573.0
1946.0 1380.0
645.0 489.0
1238.0 52.0
1372.0 161.0
768.0 1721.0
131.0 431.0
1158.0 1929.0
779.0 251.0
1157.0 1499.0
1668.0 971.0
1091.0 794.0
739.0 1403.0
825.0 1250.0
1903.0 1546.0
959.0 1370.0
662.0 1585.0
1311.0 1021.0
268.0 1952.0
699.0 743.0
1811.0 1574.0
1050.0 1865.0
6.0 428.0
813.0 1673.0
271.0 927.0
1968.0 1370.0
89.0 1817.0
652.0 227.0
1695.0 1899.0
170.0 894.0
1811.0 1865.0
1970.0 111.0
1419.0 322.0
1377.0 783.0
358.0 154.0
825.0 868.0
877.0 421.0
1922.0 271.0
724.0 194.0
478.0 1345.0
1919.0 66.0
939.0 282.0
1617.0 1573.0
1073.0 160.0
1200.0 847.0
1995.0 1721.0
1829.0 123.0
1426.0 1158.0
1375.0 1756.0
965.0 1084.0
23.0 1996.0
661.0 831.0
1966.0 1347.0
701.0 604.0
1474.0 278.0
670.0 612.0
31.0 345.0
1320.0 1441.0
1971.0 1730.0
1606.0 134.0
602.0 380.0
432.0 967.0
1608.0 500.0
595.0 66.0
709.0 1572.0
542.0 904.0
466.0 282.0
1715.0 940.0
778.0 1860.0
1758.0 1191.0
1779.0 1962.0
1601.0 374.0
1460.0 599.0
1885.0 1697.0
321.0 709.0
238.0 664.0
465.0 1973.0
1022.0 43.0
144.0 1736.0
633.0 630.0
897.0 13.0
912.0 1112.0
1211.0 536.0
423.0 47.0
661.0 1787.0
793.0 194.0
92.0 1939.0
1691.0 443.0
944.0 865.0
1230.0 1534.0
319.0 19.0
1134.0 1450.0
1209.0 719.0
903.0 843.0
1075.0 1915.0
856.0 249.0
919.0 28.0
351.0 624.0
1864.0 25.0
132.0 1181.0
19.0 1068.0
1234.0 98.0
896.0 21.0
128.0 1511.0
921.0 778.0
1309.0 1741.0
514.0 1902.0
266.0 1360.0
758.0 1324.0
417.0 1304.0
1634.0 721.0
1619.0 1996.0
138.0 1220.0
1888.0 980.0
1210.0 1539.0
783.0 1881.0
1048.0 1227.0