1853.0 686.0
640.0 909.0
1684.0 1014.0
1976.0 666.0
1334.0 930.0
1163.0 1289.0
1794.0 1095.0
1571.0 1608.0
518.0 535.0
1594.0 625.0
650.0 1179.0
62.0 742.0
310.0 188.0
878.0 1417.0
195.0 1934.0
193.0 490.0
1231.0 1353.0
1910.0 973.0
26.0 789.0
1237.0 1191.0
670.0 1377.0
900.0 229.0
971.0 1920.0
1990.0 73.0
1680.0 129.0
1743.0 338.0
1862.0 282.0
114.0 1063.0
886.0 1856.0
1387.0 368.0
1659.0 598.0
808.0 418.0
242.0 1503.0
114.0 1092.0
830.0 1153.0
794.0 498.0
136.0 1640.0
302.0 1854.0
1475.0 1860.0
1754.0 1869.0
749.0 1953.0
1675.0 229.0
1362.0 129.0
912.0 865.0
91.0 104.0
1945.0 1311.0
372.0 1507.0
433.0 1287.0
1210.0 1189.0
136.0 1432.0
195.0 1744.0
969.0 976.0
952.0 1181.0
747.0 1335.0
829.0 1992.0
1794.0 665.0
962.0 314.0
229.0 558.0
1602.0 532.0
1450.0 712.0
360.0 1094.0
1902.0 217.0
1601.0 1737.0
785.0 782.0
700.0 1503.0
1613.0 1003.0
1134.0 149.0
1495.0 116.0
515.0 625.0
175.0 1990.0
1967.0 158.0
34.0 1792.0
1474.0 1426.0
1023.0 545.0
1913.0 1544.0
630.0 1711.0
193.0 158.0
1099.0 1345.0
1527.0 525.0
938.0 26.0
795.0 624.0
85.0 1699.0
179.0 1428.0
313.0 1539.0
1660.0 1787.0
879.0 1405.0
59.0 1644.0
830.0 374.0
225.0 314.0
973.0 1842.0
893.0 863.0
1814.0 522.0
251.0 1606.0
822.0 156.0
1914.0 530.0
1730.0 432.0
779.0 989.0
899.0 370.0
166.0 929.0
402.0 1360.0
471.0 541.0
334.0 1121.0
1317.0 1477.0
10.0 1344.0
1283.0 1769.0
1764.0 261.0
912.0 1455.0
1024.0 1886.0
1385.0 655.0
1619.0 1167.0
1918.0 1868.0
1115.0 1123.0
1361.0 1642.0
1004.0 189.0
58.0 800.0
677.0 768.0
1992.0 284.0
1137.0 407.0
547.0 1949.0
1434.0 1201.0
1421.0 545.0
344.0 749.0
1079.0 1179.0
6.0 1582.0
1951.0 1936.0
1973.0 1500.0
246.0 159.0
106.0 1703.0
112.0 763.0
1731.0 1928.0
133.0 1094.0
568.0 277.0
1060.0 619.0
796.0 289.0
791.0 1288.0
930.0 606.0
1282.0 438.0
1932.0 496.0
1269.0 167.0
1646.0 1743.0
1521.0 811.0
1393.0 920.0
215.0 527.0
500.0 1025.0
764.0 435.0
173.0 55.0
681.0 677.0
541.0 918.0
1406.0 143.0
50.0 1092.0
1718.0 1914.0
806.0 1530.0
1078.0 1678.0
740.0 112.0
1424.0 1975.0
602.0 468.0
340.0 437.0
1402.0 1447.0
1637.0 784.0
1643.0 820.0
1353.0 182.0
1661.0 1454.0
1819.0 35.0
1130.0 612.0
1995.0 1164.0
215.0 1060.0
1172.0 1480.0
202.0 1370.0
1822.0 1291.0
741.0 706.0
986.0 128.0
288.0 34.0
715.0 482.0
709.0 381.0
68.0 1863.0
997.0 1333.0
1164.0 506.0
264.0 960.0
1534.0 707.0
1090.0 790.0
797.0 997.0
1056.0 1652.0
757.0 1380.0
386.0 1248.0
845.0 1329.0
35.0 1274.0
1592.0 788.0
371.0 1643.0
42.0 981.0
870.0 1389.0
536.0 727.0
1029.0 647.0
1112.0 369.0
258.0 115.0
1080.0 1545.0
1576.0 1373.0
874.0 367.0
513.0 1466.0
1277.0 996.0
578.0 355.0