1380.0 1703.0
618.0 1480.0
1741.0 1412.0
1023.0 1649.0
94.0 1000.0
444.0 1324.0
677.0 1412.0
1310.0 1775.0
1528.0 1823.0
625.0 1337.0
1847.0 1334.0
1340.0 699.0
362.0 1728.0
1624.0 1543.0
601.0 173.0
1822.0 1379.0
1018.0 1211.0
350.0 1322.0
1317.0 692.0
1499.0 960.0
1028.0 167.0
291.0 639.0
70.0 785.0
45.0 1235.0
1155.0 472.0
523.0 1262.0
601.0 1924.0
271.0 360.0
452.0 762.0
1994.0 1207.0
605.0 1639.0
1647.0 1543.0
1225.0 485.0
55.0 695.0
1570.0 589.0
157.0 848.0
563.0 537.0
217.0 482.0
1341.0 1684.0
42.0 1436.0
487.0 1137.0
1996.0 1608.0
1282.0 277.0
1002.0 113.0
1594.0 786.0
349.0 1633.0
200.0 208.0
1314.0 1884.0
1220.0 1322.0
1625.0 323.0
328.0 739.0
537.0 1429.0
1744.0 1459.0
1634.0 1929.0
542.0 1714.0
1691.0 624.0
714.0 399.0
841.0 1386.0
758.0 1645.0
353.0 1432.0
1087.0 1355.0
324.0 490.0
1631.0 878.0
889.0 1188.0
1872.0 1982.0
1529.0 1569.0
1835.0 234.0
612.0 596.0
31.0 152.0
225.0 1623.0
269.0 1405.0
1330.0 35.0
943.0 1125.0
837.0 538.0
1849.0 1344.0
1255.0 772.0
1495.0 634.0
356.0 724.0
214.0 1556.0
1546.0 1350.0
736.0 1012.0
1787.0 599.0
63.0 1686.0
496.0 1553.0
1298.0 1885.0
586.0 690.0
1293.0 1995.0
1268.0 872.0
442.0 1224.0
117.0 251.0
1438.0 882.0
610.0 1414.0
759.0 610.0
1264.0 612.0
385.0 1975.0
1383.0 1539.0
264.0 1153.0
1538.0 600.0
1911.0 844.0
146.0 1215.0
1407.0 678.0
914.0 140.0
1667.0 735.0
1702.0 963.0
1792.0 572.0
461.0 128.0
810.0 1736.0
1205.0 180.0
1842.0 1752.0
1277.0 1469.0
1428.0 905.0
421.0 865.0
1692.0 1609.0
1634.0 119.0
600.0 494.0
959.0 1906.0
681.0 838.0
1581.0 1578.0
51.0 365.0
826.0 1161.0
980.0 853.0
160.0 1567.0
369.0 1973.0
1412.0 1618.0
556.0 1520.0
1727.0 1205.0
1858.0 1296.0
121.0 148.0
1281.0 991.0
1473.0 1465.0
1062.0 1922.0
1241.0 1918.0
884.0 323.0
1054.0 528.0
385.0 1065.0
1558.0 1901.0
1818.0 1814.0
626.0 1978.0
1639.0 988.0
1523.0 691.0
1625.0 1149.0
1593.0 1999.0
672.0 191.0
998.0 1118.0
121.0 1096.0
1424.0 1571.0
1173.0 779.0
534.0 1368.0
645.0 1278.0
58.0 803.0
96.0 215.0
220.0 787.0
839.0 1971.0
1640.0 1702.0
704.0 739.0
102.0 1195.0
1982.0 1348.0
495.0 174.0
1250.0 793.0
1119.0 1334.0
1819.0 999.0
934.0 919.0
280.0 1325.0
1672.0 1508.0
1614.0 878.0
1076.0 453.0
934.0 44.0
1954.0 576.0
1917.0 1842.0
805.0 695.0
1759.0 734.0
161.0 542.0
1710.0 1321.0
54.0 1736.0
1292.0 1556.0
122.0 1789.0
1976.0 930.0
916.0 234.0
1220.0 1324.0
180.0 1093.0
1893.0 165.0
801.0 1931.0
1925.0 1082.0
667.0 71.0
1731.0 1621.0
1759.0 497.0
1273.0 1055.0
872.0 401.0
941.0 351.0
1346.0 911.0
833.0 1300.0
329.0 1561.0
262.0 1162.0
1233.0 288.0
1037.0 829.0
1759.0 799.0
1486.0 951.0
1220.0 536.0
1905.0 103.0
314.0 1181.0
1882.0 1745.0
951.0 1160.0
498.0 427.0
1455.0 168.0
32.0 363.0
614.0 1656.0
1222.0 1579.0
338.0 670.0
520.0 1286.0
1758.0 1117.0
487.0 1394.0
1212.0 1159.0
1612.0 26.0
2.0 258.0
1584.0 566.0
1893.0 885.0
1160.0 729.0
1171.0 1328.0
1294.0 439.0
730.0 1238.0
874.0 689.0
1190.0 296.0
895.0 271.0
1944.0 1726.0
274.0 8.0
1234.0 596.0
1190.0 593.0
1710.0 1024.0
515.0 1760.0
110.0 12.0
468.0 603.0
223.0 68.0
335.0 818.0
1767.0 109.0
304.0 1750.0
365.0 1759.0
1839.0 164.0
615.0 753.0
336.0 402.0
1054.0 1584.0
873.0 1109.0
1951.0 1595.0
1437.0 1069.0
1147.0 14.0
1367.0 381.0
829.0 329.0
275.0 106.0
923.0 445.0
870.0 96.0
1366.0 562.0
1037.0 1036.0
1084.0 1592.0
211.0 1785.0
1021.0 216.0
1133.0 1610.0
426.0 1877.0
1263.0 401.0
1625.0 1429.0
1313.0 1722.0
1637.0 1494.0
1260.0 535.0
19.0 1279.0
1311.0 1352.0
239.0 1876.0
158.0 998.0
1301.0 1573.0
170.0 397.0
1163.0 692.0
251.0 692.0
955.0 465.0
697.0 138.0
735.0 1571.0
1578.0 831.0
1109.0 1781.0
1398.0 140.0
1186.0 1419.0
871.0 1024.0
1315.0 592.0
1692.0 727.0
350.0 958.0
1261.0 457.0
1767.0 1688.0
120.0 1149.0
1646.0 55.0
394.0 1656.0
1526.0 1151.0
361.0 54.0
1345.0 862.0
238.0 484.0
1287.0 689.0
80.0 679.0
133.0 178.0
987.0 380.0
1969.0 1377.0
1312.0 109.0
700.0 110.0
1894.0 1389.0
1857.0 1345.0
1726.0 1600.0
442.0 678.0
84.0 954.0
1041.0 1208.0
1617.0 1475.0
1780.0 1097.0
622.0 243.0
50.0 987.0
691.0 864.0
242.0 1950.0
61.0 1968.0
1746.0 39.0
1565.0 877.0
941.0 889.0
365.0 1701.0
1398.0 2.0
238.0 1339.0
193.0 1540.0
798.0 446.0
1857.0 927.0
789.0 3.0
1820.0 1928.0
798.0 1185.0
330.0 584.0
1714.0 1193.0
812.0 244.0
495.0 1264.0
234.0 1076.0
664.0 1931.0
5.0 1441.0
535.0 166.0
651.0 832.0
846.0 561.0
1976.0 1254.0
1882.0 871.0
1481.0 983.0
1848.0 956.0
1836.0 944.0
1522.0 1042.0
1636.0 1916.0
946.0 1032.0
825.0 470.0
679.0 1968.0
28.0 1037.0
821.0 1403.0
1736.0 893.0
791.0 996.0
291.0 1151.0
687.0 726.0
532.0 1919.0
222.0 1226.0
126.0 246.0
960.0 432.0
698.0 1252.0
462.0 394.0
756.0 507.0
951.0 1440.0
12.0 1995.0
1272.0 1699.0
1741.0 165.0
312.0 1314.0
1706.0 1167.0
977.0 690.0
547.0 403.0
152.0 382.0
1207.0 1108.0
622.0 299.0
1924.0 190.0
1519.0 357.0
25.0 8.0
823.0 1580.0
429.0 953.0
1412.0 901.0
425.0 1812.0
1831.0 174.0
304.0 1794.0
596.0 626.0
1887.0 1147.0
521.0 1237.0
1438.0 1056.0
1036.0 1373.0
1494.0 1464.0
1052.0 1117.0
1645.0 1492.0
1385.0 1663.0
13.0 1601.0
544.0 1340.0
1908.0 954.0
1967.0 1419.0
452.0 1352.0
743.0 1205.0
1913.0 727.0
1951.0 1249.0
507.0 869.0
868.0 529.0
649.0 474.0
206.0 327.0
630.0 1855.0
510.0 133.0
864.0 301.0
388.0 848.0
906.0 722.0
14.0 528.0
764.0 178.0
1098.0 439.0
1105.0 1720.0
444.0 939.0
734.0 1016.0
283.0 1378.0
1170.0 1106.0
1925.0 297.0
728.0 277.0
243.0 1713.0
1433.0 718.0
568.0 502.0
191.0 1739.0
1426.0 685.0
1333.0 448.0
1299.0 1546.0
10.0 117.0
810.0 1371.0
516.0 314.0
1242.0 1221.0
256.0 1544.0
700.0 1897.0
1288.0 518.0
1184.0 1394.0
750.0 1860.0
191.0 285.0
805.0 1432.0
1516.0 1861.0
606.0 499.0
313.0 891.0
640.0 558.0
1893.0 1807.0
1281.0 534.0
307.0 1133.0
1.0 1761.0
1942.0 246.0
1350.0 1244.0
600.0 954.0
1057.0 420.0
490.0 351.0
959.0 1405.0
1974.0 1697.0
1980.0 1057.0
224.0 1382.0
1586.0 1256.0
395.0 1404.0
1504.0 1105.0
1271.0 1026.0
390.0 1739.0