1188.0 1494.0
115.0 898.0
1453.0 623.0
96.0 487.0
832.0 792.0
1912.0 1835.0
146.0 1430.0
1712.0 1968.0
1080.0 1598.0
232.0 536.0
834.0 462.0
1177.0 320.0
1112.0 56.0
1294.0 295.0
1995.0 1303.0
448.0 1273.0
1214.0 1231.0
969.0 1596.0
558.0 389.0
1401.0 86.0
428.0 1352.0
1559.0 793.0
1484.0 1979.0
31.0 1388.0
1654.0 897.0
26.0 1112.0
1593.0 1395.0
1723.0 1660.0
1087.0 224.0
22.0 1869.0
492.0 82.0
1723.0 573.0
1696.0 473.0
112.0 406.0
892.0 566.0
877.0 1796.0
1025.0 966.0
48.0 1292.0
868.0 1465.0
1088.0 1453.0
861.0 1486.0
687.0 370.0
399.0 189.0
1865.0 1680.0
1490.0 1824.0
1193.0 1682.0
12.0 799.0
155.0 1055.0
878.0 1559.0
940.0 1925.0
1994.0 790.0
1725.0 644.0
1619.0 1237.0
71.0 1913.0
333.0 1906.0
216.0 1029.0
499.0 841.0
459.0 1002.0
1335.0 511.0
1382.0 1154.0
1075.0 1387.0
1389.0 1867.0
1583.0 1217.0
1572.0 1907.0
1868.0 876.0
1825.0 1323.0
349.0 1368.0
1616.0 219.0
133.0 1017.0
720.0 739.0
1659.0 1003.0
26.0 9.0
938.0 1735.0
1986.0 1316.0
1541.0 1998.0
1911.0 292.0
1352.0 997.0
148.0 1227.0
569.0 573.0
25.0 1628.0
1309.0 1262.0
1763.0 1935.0
1448.0 848.0
488.0 702.0
1948.0 1862.0
63.0 223.0
1794.0 519.0
635.0 894.0
615.0 1258.0
409.0 117.0
1981.0 1069.0
239.0 555.0
1299.0 370.0
660.0 1687.0
175.0 1895.0
1406.0 1088.0
1495.0 1649.0
1671.0 1891.0
719.0 788.0
89.0 1487.0
28.0 1313.0
1640.0 1568.0
7.0 60.0
1295.0 1766.0
1037.0 1912.0
130.0 33.0
692.0 1154.0
114.0 187.0
1416.0 151.0
1632.0 834.0
420.0 67.0
1737.0 177.0
1964.0 391.0
543.0 1771.0
438.0 230.0
1160.0 451.0
1289.0 1244.0
1279.0 1050.0
1197.0 1515.0
441.0 502.0
1378.0 100.0
1602.0 1947.0
1405.0 1775.0
630.0 376.0
109.0 598.0
875.0 353.0
1820.0 1684.0
891.0 837.0
305.0 1621.0
1264.0 971.0
578.0 922.0
1992.0 1342.0
1510.0 413.0
1608.0 802.0
1528.0 443.0
1149.0 1297.0
1176.0 1970.0
1949.0 103.0
1836.0 344.0
1932.0 326.0
1044.0 437.0
1595.0 1847.0
75.0 303.0
651.0 30.0
921.0 800.0
1039.0 1896.0
453.0 486.0
1822.0 628.0
488.0 1351.0
56.0 1995.0