163.0 685.0
784.0 1191.0
1900.0 227.0
733.0 1717.0
535.0 1095.0
128.0 1628.0
1704.0 43.0
1426.0 656.0
151.0 1382.0
741.0 1727.0
17.0 1310.0
1557.0 1923.0
952.0 1059.0
650.0 1120.0
1946.0 342.0
106.0 1536.0
1663.0 1172.0
1547.0 1208.0
1931.0 1427.0
1078.0 1975.0
36.0 1192.0
1319.0 411.0
574.0 1795.0
1857.0 1775.0
594.0 1496.0
271.0 645.0
1309.0 1722.0
549.0 668.0
165.0 1925.0
484.0 702.0
1286.0 1240.0
1004.0 1881.0
1786.0 606.0
1148.0 1496.0
1479.0 248.0
1109.0 141.0
1169.0 792.0
1564.0 1661.0
481.0 1804.0
1342.0 1256.0
62.0 294.0
735.0 67.0
232.0 900.0
459.0 1236.0
1220.0 64.0
829.0 521.0
1920.0 454.0
1773.0 1110.0
1720.0 365.0
964.0 921.0
529.0 1604.0
1516.0 1931.0
1571.0 1323.0
3.0 918.0
212.0 811.0
1374.0 670.0
863.0 1187.0
1193.0 493.0
1812.0 1840.0
1340.0 1870.0
1529.0 8.0
698.0 1701.0
238.0 1779.0
723.0 1930.0
493.0 966.0
665.0 1280.0
368.0 141.0
848.0 934.0
237.0 772.0
639.0 1386.0
1357.0 1187.0
1907.0 1589.0
1722.0 948.0
1842.0 1895.0
582.0 770.0
1292.0 1903.0
1464.0 768.0
382.0 1606.0
386.0 226.0
1825.0 1481.0
1566.0 428.0
1135.0 1026.0
1222.0 1318.0
326.0 1538.0
547.0 904.0
68.0 813.0
1902.0 648.0
1314.0 1377.0
34.0 957.0
1198.0 1252.0
178.0 1199.0
1104.0 554.0
54.0 509.0
1934.0 1056.0
1441.0 922.0
747.0 456.0
1726.0 1908.0
1962.0 1889.0
1865.0 387.0
1408.0 1938.0
570.0 1259.0
1335.0 1970.0
1851.0 670.0
1615.0 1863.0
1323.0 1681.0
1808.0 250.0
1115.0 409.0
554.0 1651.0
406.0 210.0
1501.0 1927.0
446.0 924.0
20.0 1066.0
1393.0 1362.0
1532.0 1762.0
427.0 1352.0
1347.0 554.0
580.0 1168.0
1628.0 1471.0
666.0 169.0
319.0 1531.0
89.0 1861.0
1372.0 139.0
1735.0 502.0
1152.0 207.0
205.0 260.0
896.0 1534.0
1839.0 1085.0
1026.0 1444.0
1692.0 954.0
1932.0 1753.0
1520.0 1593.0
1860.0 990.0
935.0 444.0
1510.0 1127.0
477.0 1998.0
1892.0 1055.0
561.0 237.0
983.0 1933.0
1784.0 121.0
420.0 1266.0
397.0 391.0
1130.0 1179.0
966.0 242.0
872.0 1833.0
818.0 255.0
1388.0 570.0
798.0 571.0
245.0 1347.0
1975.0 1955.0
234.0 477.0
1145.0 815.0
1859.0 1306.0
838.0 1389.0
1589.0 354.0
1059.0 598.0
1084.0 734.0
1548.0 1598.0
240.0 1472.0
1656.0 157.0
1626.0 1085.0
1175.0 1301.0
1744.0 1192.0
535.0 1152.0
1276.0 781.0
1686.0 760.0
347.0 1142.0
1426.0 146.0
865.0 1629.0
236.0 232.0
761.0 1711.0
92.0 1969.0
394.0 361.0
1325.0 1999.0
1910.0 50.0
809.0 676.0
444.0 1429.0
1327.0 1218.0
1853.0 521.0
1360.0 430.0
1531.0 1246.0
1178.0 1728.0
1438.0 471.0
1868.0 1498.0
1952.0 718.0
728.0 274.0
40.0 1160.0
486.0 1166.0
1652.0 1399.0
117.0 1019.0
1791.0 790.0
1980.0 330.0
866.0 1540.0
495.0 1864.0
1158.0 16.0
1821.0 328.0
1208.0 1421.0
134.0 1583.0
1894.0 770.0
1002.0 1739.0
1942.0 705.0
525.0 769.0
101.0 145.0
358.0 1266.0
1980.0 427.0
1431.0 1641.0
1679.0 1278.0
1175.0 1283.0
896.0 463.0
570.0 347.0
960.0 608.0
98.0 1826.0
262.0 1579.0
559.0 504.0
1432.0 1132.0
194.0 1001.0
949.0 1129.0
223.0 1271.0
277.0 1806.0
129.0 79.0
184.0 201.0
199.0 1099.0
683.0 383.0
204.0 900.0
842.0 553.0
1492.0 1505.0
1295.0 494.0
978.0 1792.0
1192.0 1118.0
23.0 1440.0
583.0 1785.0
614.0 1193.0
1891.0 250.0
514.0 264.0
251.0 1267.0
600.0 43.0
1211.0 902.0
1497.0 101.0
1895.0 669.0
144.0 351.0
1460.0 326.0
978.0 1948.0
662.0 1887.0
1555.0 23.0
292.0 1386.0
740.0 42.0
136.0 205.0
874.0 813.0
1778.0 713.0
91.0 1786.0
924.0 1428.0
1858.0 153.0
808.0 293.0
1058.0 1917.0
1350.0 1371.0
1894.0 330.0
1042.0 443.0
1367.0 785.0
1018.0 197.0
775.0 537.0
109.0 930.0
1082.0 1132.0
350.0 1643.0
1844.0 715.0
1704.0 1129.0
893.0 1647.0
43.0 1988.0
1857.0 1197.0
677.0 1450.0
1141.0 1749.0
957.0 1871.0
356.0 855.0
1864.0 1243.0
1767.0 1907.0
1262.0 757.0
1011.0 844.0
150.0 394.0
1851.0 839.0
14.0 1305.0
822.0 1942.0
1207.0 142.0
956.0 123.0
1597.0 1385.0
555.0 331.0
1813.0 1530.0
902.0 210.0
1247.0 1964.0
1004.0 412.0
1930.0 251.0
726.0 1431.0
1638.0 1027.0
1594.0 291.0
213.0 1254.0
669.0 114.0
1739.0 1514.0
1030.0 1218.0
149.0 1469.0
1309.0 1300.0
1734.0 1605.0
1010.0 1656.0
348.0 329.0
473.0 1911.0
800.0 981.0
1027.0 1900.0
76.0 1806.0
1497.0 1040.0
984.0 1875.0
497.0 610.0
413.0 907.0
35.0 1311.0
634.0 417.0
85.0 1219.0
853.0 1177.0
707.0 1708.0
441.0 1806.0
1210.0 1078.0
1693.0 1065.0
1891.0 265.0
1254.0 528.0
1565.0 1916.0
1907.0 1497.0
1363.0 1908.0
181.0 1641.0
205.0 1789.0
1266.0 1709.0
98.0 499.0
975.0 1220.0
282.0 141.0
106.0 183.0
1586.0 87.0
1290.0 1622.0
1929.0 1291.0
1422.0 1313.0
1623.0 108.0
1106.0 191.0
750.0 1534.0
961.0 718.0
1192.0 1813.0
228.0 792.0
912.0 264.0
1048.0 1903.0
1932.0 1905.0
605.0 1525.0
1848.0 405.0
378.0 634.0
926.0 1387.0
1518.0 930.0
1649.0 922.0
690.0 610.0
1114.0 1603.0
987.0 631.0
1721.0 1624.0
955.0 852.0
1773.0 711.0
1446.0 1254.0
974.0 1128.0
34.0 1557.0
1159.0 559.0
1112.0 1689.0
706.0 1245.0
1352.0 1862.0
908.0 1881.0
1593.0 1190.0
711.0 855.0
1917.0 2.0
462.0 659.0
306.0 1405.0
979.0 588.0
1845.0 396.0
1780.0 688.0
258.0 1270.0
1741.0 783.0
726.0 1092.0
551.0 1294.0
69.0 692.0
1229.0 203.0
1976.0 336.0
1775.0 1240.0
878.0 1590.0
1807.0 374.0
1603.0 1076.0
825.0 1696.0
318.0 643.0
304.0 1696.0
1076.0 781.0
1699.0 1409.0
1210.0 1643.0
111.0 915.0
359.0 703.0
622.0 1845.0
1176.0 1722.0
1245.0 1202.0
14.0 1068.0
619.0 1002.0
546.0 1350.0
765.0 476.0
696.0 573.0
1006.0 1389.0
321.0 1230.0
772.0 1559.0
298.0 184.0
1390.0 321.0
98.0 1626.0
1705.0 1719.0
1641.0 1194.0
1330.0 886.0
1764.0 111.0
1110.0 1302.0
1981.0 1964.0
948.0 4.0
1768.0 1434.0
740.0 1707.0
1504.0 848.0
306.0 415.0
863.0 1890.0
1394.0 1589.0
1868.0 979.0
1239.0 1874.0
463.0 424.0
703.0 335.0
128.0 1242.0
1286.0 630.0
78.0 263.0
667.0 1915.0
827.0 1750.0
767.0 922.0
212.0 1350.0
457.0 1065.0
639.0 850.0
23.0 57.0
797.0 1362.0
1744.0 1215.0
1871.0 833.0
852.0 1609.0
1524.0 1879.0
1124.0 1247.0
1232.0 1475.0
542.0 728.0
1337.0 710.0
1105.0 454.0
1643.0 238.0
383.0 1055.0
172.0 61.0
560.0 937.0
489.0 950.0
867.0 689.0
1678.0 788.0
256.0 647.0
325.0 839.0
1209.0 1386.0
678.0 412.0
894.0 1532.0
109.0 983.0
543.0 849.0
746.0 1456.0
700.0 1049.0
1825.0 1831.0
1433.0 584.0
49.0 1765.0
1437.0 639.0
1794.0 992.0
906.0 1240.0
263.0 1643.0
519.0 1059.0
1108.0 1896.0
232.0 888.0
1897.0 267.0
863.0 1128.0
1884.0 1244.0
828.0 1493.0
228.0 24.0
864.0 746.0
1857.0 1477.0
335.0 8.0
1258.0 240.0
1028.0 1887.0
1102.0 549.0
238.0 1365.0
1868.0 474.0
184.0 1494.0
1406.0 825.0
1367.0 1688.0
1984.0 1304.0
988.0 553.0
1807.0 230.0
1369.0 1959.0
1756.0 276.0
1376.0 652.0
1711.0 925.0
1559.0 1877.0
808.0 180.0
1752.0 1197.0
609.0 1689.0
1749.0 1882.0
1248.0 1783.0
681.0 1060.0
1705.0 29.0
1561.0 1453.0
383.0 918.0
1929.0 1282.0
235.0 872.0
715.0 1612.0
1813.0 982.0
1570.0 1859.0
1055.0 1426.0
20.0 880.0
1682.0 1219.0
14.0 589.0
1376.0 542.0
1042.0 1452.0
1512.0 1812.0
620.0 1393.0
1543.0 648.0
1314.0 732.0
1900.0 1099.0
153.0 1447.0
468.0 1718.0
4.0 760.0
692.0 115.0
1400.0 1971.0
725.0 857.0
1995.0 1184.0
1706.0 946.0
938.0 628.0
1725.0 1610.0
1402.0 1759.0
551.0 134.0
1638.0 1345.0
398.0 1503.0
1079.0 1049.0
856.0 906.0
706.0 572.0
590.0 1701.0
1034.0 1790.0
220.0 1951.0
1767.0 1457.0
821.0 1877.0
1759.0 103.0
564.0 597.0
512.0 821.0
909.0 1937.0
767.0 102.0
1393.0 497.0
411.0 1816.0
1745.0 1525.0
1835.0 40.0
985.0 1494.0
1702.0 789.0
766.0 1928.0
417.0 1427.0
898.0 1647.0
370.0 959.0
1252.0 1562.0
500.0 330.0
1797.0 1984.0
1779.0 356.0
1380.0 1189.0
1719.0 150.0
892.0 1945.0
1102.0 699.0
1299.0 1390.0
1202.0 1212.0
291.0 1269.0
1210.0 503.0
54.0 996.0
971.0 203.0
538.0 53.0
1279.0 323.0
308.0 317.0
494.0 972.0
1616.0 983.0
1385.0 437.0
903.0 1261.0
310.0 1266.0
1161.0 1186.0
804.0 93.0
330.0 1583.0
80.0 730.0
1753.0 1001.0
1969.0 660.0
1275.0 843.0
1566.0 1161.0
1015.0 1526.0
1216.0 96.0
42.0 721.0
1666.0 1250.0
970.0 1310.0
164.0 716.0
1272.0 602.0
1790.0 479.0
767.0 1360.0
482.0 1730.0
905.0 604.0
1290.0 117.0
544.0 1063.0
1905.0 1586.0
1281.0 388.0
541.0 1538.0
397.0 1621.0
1914.0 522.0
618.0 491.0