176.0 1200.0
1952.0 701.0
95.0 1257.0
763.0 1825.0
831.0 1102.0
744.0 486.0
775.0 1148.0
1419.0 1873.0
781.0 1865.0
1679.0 193.0
1941.0 442.0
1486.0 500.0
1668.0 126.0
364.0 789.0
772.0 1467.0
820.0 1285.0
1232.0 403.0
1530.0 1413.0
687.0 594.0
752.0 1054.0
1469.0 391.0
36.0 1278.0
821.0 1245.0
902.0 576.0
75.0 756.0
1512.0 1942.0
885.0 785.0
158.0 885.0
826.0 815.0
1316.0 1724.0
371.0 1072.0
399.0 306.0
1406.0 340.0
780.0 1756.0
1521.0 756.0
164.0 616.0
1147.0 1692.0
1.0 1834.0
934.0 739.0
234.0 992.0
617.0 792.0
1978.0 1795.0
410.0 1099.0
319.0 45.0
144.0 1684.0
1247.0 241.0
903.0 1812.0
516.0 955.0
1373.0 1623.0
824.0 1349.0
825.0 243.0
892.0 1379.0
347.0 287.0
1442.0 317.0
206.0 1795.0
1146.0 1846.0
1434.0 696.0
489.0 237.0
519.0 1611.0
774.0 976.0
428.0 643.0
1967.0 1895.0
1236.0 1292.0
1784.0 516.0
450.0 368.0
1507.0 1909.0
588.0 690.0
43.0 1747.0
34.0 230.0
1818.0 1755.0
146.0 672.0
1499.0 247.0
1524.0 135.0
570.0 1368.0
1232.0 262.0
455.0 673.0
1856.0 1647.0
185.0 979.0
1247.0 412.0
463.0 1041.0
913.0 308.0
1458.0 1647.0
1324.0 1622.0
790.0 1420.0
1556.0 20.0
127.0 297.0
757.0 607.0
192.0 1317.0
57.0 1835.0
143.0 790.0
1721.0 1711.0
165.0 1142.0
192.0 492.0
33.0 440.0
827.0 856.0
188.0 885.0
493.0 901.0
1463.0 1592.0
1167.0 66.0
1072.0 354.0
37.0 494.0
1012.0 74.0
859.0 1316.0
1982.0 917.0
1790.0 136.0
990.0 1998.0
679.0 1084.0
181.0 1826.0
482.0 319.0
1052.0 1562.0
621.0 947.0
1460.0 470.0
44.0 793.0
1223.0 1891.0
137.0 1931.0
942.0 168.0
1944.0 1110.0
893.0 1091.0
473.0 1650.0
41.0 1483.0
679.0 864.0
9.0 689.0
429.0 719.0
202.0 920.0
632.0 1018.0
140.0 158.0
1624.0 737.0
602.0 662.0
80.0 1619.0
7.0 20.0
1196.0 245.0
1764.0 292.0
1090.0 1282.0
382.0 1719.0
962.0 1694.0
1476.0 123.0
215.0 472.0
486.0 1813.0
1439.0 716.0
1848.0 558.0
247.0 819.0
1670.0 295.0
272.0 984.0
594.0 330.0
606.0 455.0
553.0 399.0
1214.0 1859.0
1700.0 1592.0
919.0 1732.0
1067.0 922.0
890.0 252.0
1171.0 1960.0
1732.0 1669.0
919.0 1837.0
1058.0 1897.0
468.0 1830.0
755.0 1532.0
1327.0 1242.0
1929.0 1594.0
210.0 55.0
1353.0 1673.0
771.0 618.0
339.0 1963.0
1061.0 1466.0
59.0 1618.0
583.0 737.0
581.0 127.0
1195.0 552.0
1552.0 1370.0
1154.0 222.0
649.0 1032.0
658.0 501.0
784.0 811.0
585.0 1818.0
1511.0 668.0
1131.0 527.0
951.0 621.0
328.0 582.0
1165.0 702.0
1097.0 764.0
1330.0 1199.0
1704.0 479.0
1448.0 1261.0
511.0 494.0
1168.0 906.0
1481.0 939.0
1768.0 253.0
741.0 1615.0
1665.0 179.0
1386.0 1035.0
1087.0 545.0
1380.0 647.0
378.0 120.0
1035.0 649.0
1858.0 675.0
84.0 291.0
959.0 1567.0
305.0 153.0
966.0 135.0
500.0 749.0
375.0 796.0
930.0 953.0
1091.0 493.0
370.0 1033.0
1596.0 1721.0
1444.0 1314.0
628.0 1966.0
606.0 419.0
1367.0 1948.0
1890.0 1254.0
933.0 524.0
1323.0 83.0
1255.0 1110.0
1110.0 994.0
1123.0 1748.0
1614.0 874.0
1675.0 705.0
1935.0 523.0
751.0 284.0
972.0 1860.0
147.0 431.0
1645.0 930.0
315.0 535.0
1568.0 1783.0
1314.0 1631.0
847.0 1762.0
938.0 701.0
1362.0 608.0
78.0 1609.0
1019.0 158.0
516.0 662.0
1472.0 1962.0
1870.0 446.0
1846.0 230.0
703.0 350.0
968.0 1111.0
1099.0 395.0
1943.0 336.0
1879.0 1183.0
187.0 950.0
895.0 1508.0
1144.0 464.0
38.0 1692.0
1196.0 1342.0
1528.0 603.0
100.0 658.0
1564.0 401.0
927.0 127.0
1861.0 1112.0
1162.0 1580.0
1559.0 854.0
1946.0 533.0
87.0 623.0
72.0 767.0
1148.0 1291.0
1078.0 1974.0
1857.0 863.0
1872.0 149.0
1548.0 43.0
1694.0 1024.0
1432.0 687.0
870.0 1681.0
1727.0 1451.0
862.0 14.0
1412.0 177.0
1551.0 932.0
1116.0 441.0
1253.0 274.0
92.0 1793.0
34.0 1428.0
1742.0 975.0
1187.0 521.0
1741.0 1749.0
1339.0 1876.0
80.0 1919.0
939.0 1532.0
996.0 1435.0
291.0 48.0
1841.0 1238.0
961.0 251.0
110.0 1215.0
1656.0 1231.0
625.0 1226.0
1437.0 1537.0
351.0 980.0
235.0 497.0
97.0 1566.0
198.0 997.0
183.0 1048.0
684.0 913.0
935.0 699.0
152.0 245.0
1246.0 706.0
1360.0 1922.0
455.0 854.0
1438.0 1274.0
1177.0 405.0
1387.0 1891.0
762.0 1103.0
567.0 1240.0