537.0 78.0
1394.0 1726.0
1138.0 1784.0
1472.0 1227.0
1348.0 1359.0
835.0 371.0
924.0 495.0
1928.0 660.0
23.0 1628.0
979.0 5.0
1144.0 1439.0
863.0 1636.0
324.0 1729.0
675.0 1215.0
1163.0 1170.0
1009.0 1531.0
1393.0 646.0
408.0 1124.0
586.0 14.0
1833.0 1585.0
405.0 399.0
1366.0 1235.0
415.0 640.0
1702.0 922.0
184.0 645.0
246.0 788.0
1571.0 803.0
714.0 675.0
502.0 1520.0
1216.0 1866.0
658.0 1528.0
1269.0 1060.0
636.0 526.0
1041.0 320.0
1562.0 1005.0
654.0 1821.0
1609.0 1690.0
1846.0 718.0
1179.0 697.0
1370.0 699.0
334.0 1912.0
1775.0 1844.0
1351.0 1867.0
1842.0 1282.0
1726.0 21.0
1228.0 1339.0
355.0 991.0
673.0 1297.0
1998.0 681.0
1955.0 617.0
100.0 42.0
1235.0 1379.0
1749.0 310.0
631.0 522.0
1635.0 987.0
183.0 682.0
1341.0 1159.0
1490.0 265.0
889.0 1338.0
1710.0 1252.0
432.0 1540.0
828.0 695.0
738.0 475.0
1593.0 920.0
1515.0 1866.0
1264.0 176.0
1998.0 1945.0
749.0 471.0
45.0 373.0
1117.0 123.0
379.0 301.0
1666.0 1693.0
1800.0 1192.0
1315.0 1448.0
700.0 1782.0
1375.0 1726.0
223.0 161.0
1762.0 1809.0
1588.0 1887.0
896.0 91.0
662.0 1719.0
1486.0 1643.0
459.0 1710.0
1600.0 669.0
709.0 1613.0
1677.0 1316.0
1047.0 1937.0
1390.0 390.0
1237.0 126.0
918.0 1172.0
660.0 1424.0
460.0 1877.0
1040.0 48.0
163.0 190.0
524.0 160.0
1226.0 1152.0
1188.0 1059.0
15.0 781.0
31.0 60.0
1567.0 24.0
1233.0 1153.0
217.0 1881.0
1404.0 1483.0
1696.0 922.0
486.0 573.0
495.0 1730.0
693.0 1327.0
1223.0 1403.0
615.0 678.0
851.0 1713.0
335.0 1809.0
157.0 393.0
1913.0 1587.0
1433.0 315.0
1855.0 216.0
1391.0 1982.0
1412.0 309.0
1798.0 1375.0
1773.0 1905.0
844.0 1405.0
1440.0 890.0
1938.0 277.0
836.0 1141.0
1108.0 421.0
984.0 1782.0
70.0 1806.0
1136.0 1128.0
906.0 747.0
873.0 1737.0
1935.0 1608.0
14.0 981.0
1267.0 1297.0
211.0 1182.0
1240.0 985.0
511.0 1173.0
997.0 100.0
326.0 1271.0
691.0 1249.0
1812.0 343.0
1000.0 1287.0
1750.0 276.0
129.0 906.0
963.0 535.0
695.0 1914.0
1672.0 283.0
1236.0 729.0
720.0 1400.0
192.0 1735.0
1122.0 622.0
308.0 1628.0
228.0 1803.0
511.0 1825.0
1534.0 1434.0
454.0 1579.0
873.0 1816.0
1462.0 629.0
647.0 1844.0
1286.0 1768.0
268.0 690.0
312.0 1050.0
809.0 91.0
1662.0 1169.0
1321.0 85.0
1977.0 786.0
1493.0 347.0
588.0 1643.0
1890.0 1641.0
1183.0 1256.0
378.0 198.0
224.0 1382.0
840.0 1629.0
1171.0 1314.0
845.0 506.0
1082.0 941.0
1775.0 62.0
1312.0 303.0
529.0 1391.0
1648.0 244.0
958.0 352.0
835.0 279.0
1167.0 1368.0
1301.0 730.0
12.0 785.0
505.0 815.0
1119.0 1135.0
1955.0 1814.0
884.0 1738.0
387.0 164.0
1916.0 1306.0
562.0 92.0
1649.0 1663.0
1380.0 797.0
516.0 1322.0
189.0 39.0
690.0 1436.0
1617.0 1178.0
1685.0 1625.0
228.0 654.0
903.0 471.0
1344.0 1545.0
1809.0 1993.0
548.0 272.0
401.0 1827.0
489.0 1470.0
250.0 1705.0
1344.0 1610.0
1333.0 1000.0
1783.0 871.0
758.0 513.0
1595.0 1549.0
921.0 1870.0
216.0 1344.0
555.0 530.0
1435.0 666.0
837.0 1265.0
1816.0 234.0
259.0 72.0
343.0 1816.0
1091.0 1611.0
1514.0 35.0
1113.0 426.0
1593.0 1353.0
1392.0 383.0
526.0 67.0
1850.0 1942.0
237.0 1147.0
1000.0 1881.0
1339.0 1946.0
677.0 823.0
944.0 1106.0
1276.0 273.0
1286.0 709.0
267.0 1377.0
417.0 1121.0
239.0 503.0
1977.0 488.0
1007.0 433.0
1778.0 512.0
852.0 1141.0
1597.0 67.0
1877.0 607.0
663.0 116.0
1410.0 306.0
895.0 1199.0
1431.0 637.0
389.0 427.0
128.0 139.0
670.0 1488.0
715.0 774.0
964.0 655.0
1624.0 922.0
1754.0 818.0
1885.0 770.0
1677.0 1184.0
1143.0 209.0
1079.0 1389.0
1323.0 750.0
893.0 508.0
1787.0 173.0
1767.0 1682.0
436.0 1110.0
1424.0 633.0
1347.0 117.0
51.0 653.0
1400.0 1469.0
1077.0 902.0
1043.0 265.0
1138.0 1363.0
1674.0 1233.0
1184.0 1663.0
460.0 373.0
1136.0 1619.0
1024.0 1785.0
1187.0 1144.0
583.0 205.0
1256.0 39.0
865.0 1624.0
1891.0 1551.0
1179.0 1744.0
1306.0 33.0
1509.0 1353.0
1609.0 1884.0
978.0 984.0
245.0 1200.0
1721.0 1202.0
1758.0 273.0
1096.0 422.0
1677.0 570.0
1688.0 371.0
1053.0 155.0
1851.0 887.0
1670.0 865.0
370.0 1638.0
740.0 1873.0
491.0 131.0
742.0 144.0
1992.0 1502.0
1666.0 242.0
1899.0 618.0
1062.0 1165.0
1117.0 1658.0
1210.0 537.0
1422.0 375.0
1537.0 1350.0
454.0 944.0
207.0 1082.0
378.0 559.0
820.0 1318.0
731.0 1684.0
821.0 915.0
1992.0 80.0
1100.0 302.0
227.0 960.0
1958.0 1982.0
1041.0 532.0
90.0 1086.0
1259.0 1243.0
906.0 1979.0
370.0 1901.0
1586.0 1035.0
1135.0 1349.0
589.0 1640.0
888.0 312.0
726.0 24.0
1951.0 1430.0
204.0 906.0
596.0 764.0
159.0 1503.0
123.0 1316.0
1879.0 1603.0
184.0 954.0
1269.0 487.0
1863.0 443.0
1936.0 12.0
568.0 1116.0
1809.0 1389.0
1735.0 324.0
683.0 1449.0
298.0 679.0
1873.0 1900.0
131.0 192.0
1708.0 1402.0
1141.0 1707.0
1412.0 1543.0
628.0 1212.0
171.0 646.0
85.0 831.0
1961.0 1963.0
981.0 877.0
1954.0 511.0
1493.0 791.0
212.0 1424.0
1650.0 451.0
1373.0 786.0
35.0 1360.0
969.0 1975.0
1547.0 1351.0
1672.0 1654.0
911.0 1200.0
398.0 1130.0
370.0 1710.0
1541.0 1690.0
603.0 232.0
1117.0 384.0
1656.0 1413.0
1907.0 1721.0
1996.0 963.0
1103.0 696.0
963.0 20.0
327.0 295.0
711.0 1686.0
1313.0 875.0
1691.0 1198.0
6.0 274.0
1492.0 1440.0
994.0 348.0
952.0 1469.0
1448.0 3.0
1966.0 153.0
131.0 537.0
1749.0 1975.0
1095.0 1660.0
1665.0 116.0
1541.0 1753.0
1792.0 701.0
1805.0 1722.0
1914.0 110.0
1374.0 861.0
1927.0 760.0
1225.0 1315.0
42.0 94.0
1124.0 1776.0
731.0 301.0
506.0 1702.0
1251.0 741.0
1647.0 1289.0
1344.0 184.0
945.0 1583.0
1320.0 61.0
715.0 374.0
651.0 17.0
643.0 1969.0
1.0 1740.0
1507.0 1633.0
1106.0 1115.0
421.0 1308.0
4.0 128.0
1015.0 1836.0
1007.0 674.0
797.0 1910.0
1533.0 1057.0
1302.0 213.0
269.0 1450.0
279.0 564.0
1766.0 211.0
1588.0 1189.0
1817.0 1509.0
1421.0 752.0
655.0 659.0
1589.0 218.0
209.0 1195.0
109.0 1649.0
1927.0 1223.0
1583.0 786.0
1176.0 48.0
295.0 1672.0
1424.0 1361.0
460.0 1186.0
1903.0 1779.0
1660.0 31.0
1550.0 1914.0
181.0 1560.0
301.0 1819.0
640.0 282.0
1800.0 760.0
903.0 1102.0
72.0 746.0
359.0 1591.0
101.0 762.0
1825.0 1304.0
1465.0 1164.0
1067.0 1919.0
704.0 1640.0
1300.0 1858.0
1804.0 742.0
404.0 612.0
981.0 757.0
305.0 1092.0
1229.0 1465.0
1598.0 1971.0
929.0 191.0
238.0 1136.0
955.0 717.0
726.0 1057.0
1764.0 987.0
705.0 1952.0
1928.0 1400.0
525.0 896.0
210.0 1147.0
322.0 1290.0
262.0 1623.0
1027.0 552.0
573.0 937.0
397.0 93.0
123.0 1121.0
1932.0 1040.0
1724.0 1835.0
1421.0 1411.0
1901.0 89.0
430.0 292.0
1768.0 1135.0
274.0 527.0
663.0 442.0
1296.0 1933.0
761.0 397.0
1483.0 1566.0
1218.0 90.0
1885.0 927.0
1740.0 1962.0
1452.0 1911.0
1596.0 1001.0
1630.0 1204.0
623.0 1185.0
825.0 1197.0
180.0 17.0
1155.0 867.0
1107.0 1641.0
1640.0 1225.0
1242.0 1829.0
1066.0 685.0
1881.0 68.0
931.0 1458.0
1331.0 980.0
1126.0 1963.0
1093.0 1867.0
1651.0 806.0
1891.0 100.0
985.0 1619.0
206.0 1412.0
1829.0 832.0
1218.0 537.0
1961.0 1874.0
1035.0 478.0
1000.0 1346.0
71.0 701.0
1518.0 354.0
486.0 1298.0
1021.0 186.0
703.0 1959.0
610.0 499.0
1229.0 1489.0
789.0 46.0
758.0 1366.0
1263.0 1202.0
1115.0 1130.0
1622.0 1169.0
267.0 1525.0
1076.0 1238.0
211.0 866.0
1334.0 398.0
816.0 262.0
656.0 32.0
1845.0 59.0
1342.0 281.0
472.0 9.0
1253.0 664.0
998.0 544.0
807.0 1315.0
1079.0 20.0
854.0 500.0
572.0 293.0
368.0 1380.0
917.0 569.0
136.0 691.0
1903.0 1241.0
1109.0 977.0
683.0 773.0
580.0 555.0
745.0 1764.0
665.0 1269.0
403.0 77.0
1395.0 1248.0
742.0 1931.0
717.0 1273.0
171.0 160.0
1296.0 1054.0
821.0 1849.0
1286.0 717.0
978.0 1450.0
601.0 1035.0
1412.0 1526.0
298.0 1694.0
90.0 1740.0
526.0 1832.0
567.0 1345.0
259.0 1376.0
292.0 1495.0
1776.0 1327.0
1825.0 87.0
570.0 1315.0
838.0 1696.0
1730.0 899.0
56.0 1531.0
1356.0 1584.0
280.0 1770.0
1691.0 1076.0
1061.0 1549.0
1400.0 939.0
1841.0 1233.0
530.0 1562.0
1041.0 1926.0
959.0 416.0
430.0 1387.0
1056.0 1879.0
1017.0 263.0
290.0 135.0
1756.0 1671.0
1233.0 1208.0
235.0 1039.0
679.0 1265.0
1721.0 1663.0
482.0 610.0
950.0 468.0
244.0 922.0
534.0 615.0
1188.0 726.0
157.0 262.0
1234.0 1063.0
583.0 1021.0
1719.0 847.0
1892.0 801.0
138.0 1719.0
1712.0 1929.0
1567.0 1776.0
881.0 1017.0
827.0 500.0
697.0 1292.0
1059.0 1064.0
924.0 221.0
1569.0 1729.0
1563.0 1474.0
1208.0 1407.0
270.0 774.0
783.0 346.0
1441.0 913.0
745.0 1816.0
469.0 1383.0
390.0 1785.0
1895.0 1402.0
770.0 1999.0
14.0 1772.0
1611.0 1885.0
734.0 613.0
1120.0 1034.0
761.0 1404.0
148.0 834.0
21.0 198.0
1538.0 1146.0
1305.0 1049.0
187.0 1310.0
705.0 172.0
1851.0 1096.0
353.0 285.0
1945.0 367.0
1797.0 1086.0
909.0 698.0
1319.0 141.0
364.0 415.0
1370.0 1102.0
1998.0 61.0
1475.0 1991.0
1505.0 978.0
1544.0 280.0
454.0 1162.0
1457.0 1588.0
89.0 533.0
586.0 241.0
847.0 883.0
346.0 552.0
1208.0 254.0
1166.0 1529.0
323.0 964.0
1839.0 1151.0
1889.0 1392.0
1186.0 683.0
1537.0 116.0
238.0 1536.0
299.0 213.0
344.0 618.0
520.0 979.0
1690.0 1611.0
430.0 1348.0
1938.0 1588.0
1386.0 1644.0
742.0 1516.0
1542.0 986.0
870.0 1712.0
1930.0 1026.0
1082.0 1607.0
1966.0 1634.0
506.0 273.0
622.0 628.0
1244.0 700.0
1014.0 655.0
1896.0 370.0
989.0 1642.0
680.0 1922.0
622.0 1038.0
1915.0 793.0
1840.0 1063.0
793.0 1949.0
1944.0 1879.0
1568.0 1142.0
1877.0 1783.0
1020.0 1401.0
1769.0 651.0
646.0 226.0
1623.0 1808.0
1491.0 254.0
1479.0 1060.0
109.0 1459.0
1703.0 850.0
256.0 428.0
1308.0 1849.0
746.0 932.0
1606.0 793.0
1909.0 318.0
1105.0 489.0
129.0 991.0
391.0 247.0
314.0 1929.0
1011.0 413.0
1193.0 1348.0
1441.0 1980.0
262.0 1755.0
1410.0 1992.0
443.0 1265.0
1275.0 448.0
340.0 1902.0
476.0 1272.0
851.0 1897.0
1966.0 117.0
880.0 692.0
470.0 580.0
1373.0 1391.0
1094.0 1063.0
487.0 1994.0
1539.0 141.0
888.0 858.0
1873.0 397.0
234.0 999.0
1658.0 1391.0
326.0 1328.0
765.0 551.0
635.0 731.0
99.0 1902.0
1658.0 1533.0
733.0 1775.0
1389.0 1026.0
554.0 1291.0
1096.0 1530.0
1205.0 282.0
1863.0 352.0
1882.0 1455.0
423.0 216.0
569.0 758.0
1106.0 1733.0
1891.0 1212.0
114.0 948.0
1986.0 1899.0
502.0 632.0
293.0 705.0
1122.0 595.0
1912.0 348.0
736.0 509.0
498.0 164.0
1829.0 1796.0
1048.0 1221.0
1919.0 1505.0
607.0 903.0
1546.0 611.0
511.0 1388.0
274.0 26.0
290.0 1413.0
882.0 1025.0
1308.0 145.0
1947.0 1705.0
133.0 67.0
944.0 1823.0
321.0 1855.0