542.0 932.0
1115.0 1723.0
948.0 1863.0
862.0 819.0
1305.0 1441.0
1508.0 417.0
117.0 1611.0
1597.0 920.0
1969.0 825.0
1361.0 937.0
363.0 1667.0
509.0 151.0
275.0 1953.0
1307.0 966.0
1554.0 147.0
1344.0 1717.0
923.0 826.0
222.0 485.0
729.0 1638.0
474.0 501.0
1288.0 1501.0
1384.0 1756.0
1600.0 261.0
1698.0 1138.0
1740.0 878.0
536.0 138.0
361.0 1263.0
1745.0 880.0
1866.0 651.0
1295.0 171.0
104.0 192.0
1984.0 1280.0
54.0 92.0
321.0 771.0
1282.0 236.0
1102.0 314.0
1480.0 1730.0
1477.0 799.0
321.0 514.0
8.0 1426.0
248.0 489.0
144.0 633.0
333.0 1419.0
447.0 549.0
179.0 1127.0
670.0 1171.0
1844.0 921.0
1141.0 235.0
436.0 1261.0
1449.0 1816.0
1378.0 843.0
271.0 1380.0
571.0 179.0
751.0 352.0
9.0 1557.0
452.0 1021.0
1449.0 413.0
1247.0 1866.0
1050.0 282.0
1739.0 1514.0
497.0 986.0
348.0 1713.0
1946.0 1844.0
1297.0 1723.0
1129.0 273.0
1208.0 1881.0
702.0 1831.0
480.0 1160.0
1398.0 596.0
1722.0 944.0
62.0 1859.0
1449.0 919.0
1875.0 830.0
1272.0 1903.0
1909.0 689.0
266.0 1571.0
1642.0 1734.0
941.0 1273.0
142.0 1507.0
120.0 35.0
440.0 44.0
723.0 136.0
808.0 197.0
1046.0 347.0
1885.0 1897.0
106.0 1493.0
1971.0 1520.0
1707.0 84.0
233.0 1968.0
95.0 526.0
577.0 819.0
1200.0 867.0
960.0 721.0
1973.0 1775.0
517.0 90.0
1103.0 313.0
822.0 242.0
1823.0 940.0
1270.0 1641.0
789.0 831.0