180.0 1948.0
585.0 1993.0
764.0 1943.0
975.0 259.0
1175.0 5.0
1732.0 882.0
324.0 5.0
435.0 1722.0
552.0 52.0
767.0 1725.0
655.0 267.0
1288.0 712.0
1309.0 1474.0
973.0 573.0
738.0 527.0
1884.0 1608.0
251.0 1919.0
325.0 1056.0
1109.0 1696.0
1372.0 716.0
429.0 1673.0
765.0 1231.0
1763.0 1462.0
1562.0 1313.0
1277.0 979.0
384.0 524.0
680.0 836.0
1336.0 1504.0
633.0 1136.0
937.0 979.0
1425.0 1960.0
1866.0 1017.0
271.0 1367.0
1733.0 219.0
463.0 743.0
728.0 1143.0
640.0 397.0
1253.0 836.0
1444.0 35.0
840.0 592.0
1200.0 113.0
873.0 1257.0
1859.0 1207.0
311.0 500.0
1700.0 1944.0
1285.0 1677.0
1971.0 438.0
1089.0 1755.0
1266.0 519.0
111.0 1951.0
573.0 1345.0
1444.0 217.0
932.0 1127.0
1326.0 359.0
9.0 656.0
1521.0 875.0
964.0 1632.0
268.0 1976.0
21.0 325.0
666.0 1785.0
161.0 112.0
693.0 46.0
1421.0 1918.0
661.0 836.0
521.0 1267.0
693.0 1503.0
1475.0 370.0
1686.0 710.0
972.0 314.0
1150.0 1692.0
520.0 304.0
1128.0 150.0
991.0 1909.0
623.0 1342.0
400.0 549.0
1477.0 803.0
309.0 1436.0
1597.0 27.0
2.0 1124.0
553.0 1990.0
1959.0 1711.0
301.0 1760.0
1205.0 1213.0
594.0 1634.0
381.0 1323.0
295.0 1894.0
1508.0 184.0
242.0 1877.0
995.0 1253.0
1828.0 1918.0
26.0 1257.0
1467.0 486.0
1349.0 1774.0
833.0 439.0
1766.0 1419.0
913.0 743.0
34.0 1903.0
1034.0 261.0
904.0 151.0
796.0 561.0
619.0 908.0
1567.0 1657.0
65.0 204.0
1458.0 300.0
981.0 467.0
993.0 1149.0
183.0 37.0
944.0 1638.0
355.0 1051.0
341.0 1686.0
1118.0 1288.0
594.0 1833.0
1980.0 391.0
1839.0 2.0
799.0 1763.0
1462.0 1831.0
586.0 1298.0
152.0 697.0
788.0 1215.0
1757.0 335.0
1288.0 995.0
601.0 1614.0
297.0 1279.0
1786.0 471.0
915.0 808.0
925.0 653.0
445.0 207.0
1408.0 1073.0
634.0 540.0
1426.0 300.0
750.0 1143.0
327.0 456.0
1646.0 1810.0
1224.0 1083.0
512.0 502.0
1159.0 1138.0
802.0 1417.0
1983.0 726.0
1318.0 569.0
1050.0 1341.0
1755.0 808.0
205.0 1855.0
7.0 1843.0
526.0 515.0
912.0 944.0
1046.0 838.0
618.0 1412.0
817.0 1560.0
362.0 1359.0
1921.0 83.0
1849.0 677.0
1267.0 1912.0
805.0 233.0
1577.0 520.0
1697.0 1912.0
1926.0 523.0
573.0 1679.0
1977.0 209.0
1280.0 1113.0
849.0 1331.0
1905.0 1865.0
270.0 1429.0
374.0 1681.0
744.0 1994.0
1011.0 749.0
1081.0 596.0
1220.0 639.0
213.0 327.0
422.0 408.0
1674.0 1608.0
383.0 1807.0
194.0 1415.0
1150.0 593.0
1173.0 1110.0
1725.0 85.0
1404.0 1653.0
531.0 106.0
48.0 604.0
262.0 656.0
1761.0 772.0
1805.0 1968.0
995.0 1458.0
1332.0 1129.0
786.0 465.0
1225.0 1144.0
774.0 747.0
659.0 1091.0
1905.0 659.0
1794.0 1106.0
1877.0 354.0
1841.0 1514.0
884.0 1549.0
1256.0 967.0
287.0 271.0
1998.0 1510.0
479.0 504.0
300.0 1965.0
1618.0 146.0
1101.0 1047.0
253.0 219.0
1889.0 1071.0
785.0 1508.0
1937.0 232.0
456.0 1941.0
700.0 1686.0
1886.0 1034.0
1760.0 525.0
1452.0 591.0
1973.0 757.0
127.0 259.0
147.0 886.0
1079.0 252.0
996.0 1558.0
108.0 775.0
835.0 1068.0
1131.0 1145.0
1795.0 1712.0
1951.0 920.0
861.0 497.0
1354.0 223.0
1122.0 1218.0
1970.0 146.0
1423.0 386.0
281.0 446.0
1598.0 1686.0
1204.0 1755.0
56.0 1158.0
269.0 898.0
584.0 1057.0
212.0 1317.0
43.0 1677.0
1648.0 1183.0
1028.0 1311.0
1555.0 1210.0
956.0 227.0
1900.0 1190.0
1334.0 1433.0
150.0 524.0
528.0 1836.0
1934.0 1952.0
166.0 960.0
674.0 1452.0
1377.0 1639.0
916.0 879.0
93.0 896.0
638.0 1409.0
264.0 142.0
687.0 1713.0
1781.0 944.0
1891.0 1758.0
529.0 626.0
1745.0 1486.0
173.0 559.0
911.0 1326.0
889.0 992.0
256.0 23.0
66.0 1302.0
637.0 1641.0
1923.0 592.0
161.0 1031.0
919.0 281.0
1405.0 671.0
414.0 850.0
1133.0 1011.0
765.0 743.0
594.0 25.0
1232.0 305.0
14.0 859.0
1963.0 1528.0
1775.0 1708.0
558.0 1154.0
1106.0 344.0
1062.0 44.0
249.0 791.0
512.0 291.0
1943.0 494.0
809.0 367.0
1511.0 433.0
322.0 462.0
1917.0 281.0
303.0 1945.0
708.0 462.0
173.0 293.0
1175.0 1105.0
1363.0 360.0
1771.0 1881.0
130.0 357.0
825.0 600.0
1990.0 822.0
250.0 1241.0
271.0 1717.0
971.0 440.0
681.0 1815.0
1407.0 1757.0
310.0 197.0
1780.0 71.0
1838.0 457.0
1117.0 1217.0
1277.0 1665.0
543.0 1860.0
1610.0 1331.0
312.0 777.0
808.0 1310.0
969.0 905.0
358.0 1944.0
180.0 1027.0
561.0 1129.0
624.0 1801.0
793.0 515.0
329.0 1319.0
976.0 1997.0
309.0 336.0
1791.0 602.0
1297.0 1767.0
1363.0 827.0
410.0 952.0
85.0 1374.0
1720.0 1089.0
1719.0 1184.0
1125.0 176.0
729.0 1846.0
347.0 826.0
796.0 260.0
58.0 1876.0
350.0 873.0
73.0 290.0
1476.0 983.0
1637.0 538.0
54.0 1682.0
1029.0 1988.0
1251.0 1301.0
45.0 432.0
453.0 331.0
1009.0 1268.0
1792.0 1792.0
929.0 769.0
1492.0 1925.0
1443.0 1617.0
1218.0 1930.0
1855.0 1535.0
1516.0 555.0
1043.0 386.0
484.0 522.0
711.0 1959.0
358.0 1653.0
1355.0 1211.0
402.0 1747.0
908.0 1746.0
257.0 1376.0
949.0 199.0
1849.0 1154.0
1474.0 1056.0
763.0 216.0
80.0 1468.0
1338.0 1038.0
721.0 108.0
1206.0 207.0
1099.0 92.0
1190.0 392.0
1632.0 429.0
117.0 1733.0
984.0 16.0
1283.0 26.0
1610.0 704.0
1771.0 816.0
26.0 477.0
1253.0 266.0
1788.0 385.0
1138.0 1395.0
1974.0 1264.0
1093.0 389.0
1348.0 305.0
1185.0 1336.0
549.0 627.0
733.0 1318.0
99.0 1486.0
837.0 1079.0
1824.0 1304.0
810.0 190.0
1275.0 1008.0
441.0 1119.0
1938.0 714.0
1816.0 1963.0
114.0 919.0
173.0 218.0
697.0 272.0
377.0 1075.0
1789.0 1040.0
1698.0 1403.0
1717.0 1036.0
958.0 503.0
741.0 543.0
1419.0 384.0
1591.0 566.0
1275.0 1411.0
1589.0 628.0
1517.0 1569.0
1619.0 563.0
871.0 410.0
984.0 568.0
1247.0 97.0
1134.0 1713.0
1065.0 1339.0
1743.0 1230.0
458.0 378.0
1007.0 442.0
1036.0 1761.0
441.0 436.0
266.0 595.0
1681.0 974.0
939.0 1004.0
761.0 1921.0
1099.0 1307.0
1391.0 1243.0
1237.0 1850.0
964.0 326.0
1085.0 652.0
983.0 1334.0
89.0 1282.0
495.0 1039.0
1312.0 1082.0
1064.0 113.0
1867.0 1461.0
308.0 81.0
40.0 1748.0
115.0 1317.0
1165.0 334.0
429.0 123.0
1737.0 127.0
1180.0 1142.0
118.0 96.0
1943.0 1287.0
491.0 1456.0
1193.0 820.0
1038.0 1004.0
1281.0 311.0
823.0 1360.0
850.0 470.0
1647.0 138.0
234.0 410.0
407.0 1735.0
1503.0 1918.0
1925.0 1404.0
357.0 758.0
537.0 131.0
1437.0 201.0
894.0 1760.0
1480.0 77.0
1389.0 159.0
1033.0 1262.0
1963.0 812.0
1192.0 1178.0
1714.0 495.0
50.0 1308.0
157.0 34.0
94.0 467.0
1308.0 1184.0
682.0 590.0
1384.0 1035.0
1236.0 134.0
672.0 1834.0
1542.0 1272.0
1730.0 1870.0
200.0 1597.0
1190.0 591.0
329.0 1112.0
68.0 1575.0
1976.0 188.0
1894.0 1931.0
220.0 263.0
1383.0 66.0
948.0 1487.0
1755.0 1459.0
1129.0 568.0
1368.0 1839.0
1647.0 159.0
1154.0 664.0
442.0 1894.0
485.0 45.0
1070.0 1371.0
1003.0 515.0
110.0 1255.0
733.0 1265.0
150.0 33.0
1494.0 248.0
260.0 140.0
1700.0 493.0
769.0 1732.0
1383.0 1237.0
222.0 592.0
1052.0 1612.0
889.0 1892.0
1651.0 1681.0
1247.0 1047.0
795.0 1298.0
683.0 491.0
1984.0 1839.0
1469.0 446.0
347.0 813.0
1174.0 1740.0
568.0 778.0
863.0 943.0
725.0 184.0
1337.0 1300.0
1526.0 905.0
1055.0 1563.0
629.0 1877.0
1143.0 1547.0
1686.0 1626.0
1928.0 95.0
1401.0 448.0
998.0 1697.0
1417.0 487.0
360.0 1042.0
65.0 1456.0
699.0 99.0
430.0 1606.0
1647.0 307.0
800.0 55.0
1439.0 1461.0
1642.0 1778.0
846.0 1932.0
265.0 1071.0
1261.0 1206.0
1009.0 1893.0
921.0 579.0
1698.0 812.0
497.0 769.0
585.0 1536.0
277.0 630.0
212.0 686.0
249.0 968.0
1790.0 206.0
441.0 988.0
200.0 989.0
408.0 553.0
552.0 1382.0
1329.0 1544.0
571.0 893.0
1662.0 827.0
1398.0 1544.0
966.0 1143.0
1834.0 42.0
1568.0 1279.0
134.0 1548.0
726.0 1246.0
70.0 1450.0
198.0 177.0
169.0 1048.0
546.0 1103.0
1793.0 639.0
311.0 757.0
324.0 1769.0
1610.0 1986.0
1759.0 820.0
270.0 1900.0
1161.0 1830.0
1123.0 366.0
677.0 1405.0
1784.0 303.0
1218.0 1825.0
769.0 1663.0
1485.0 1497.0
1523.0 1712.0
1286.0 439.0
1196.0 127.0
1904.0 113.0
960.0 29.0
1089.0 845.0
303.0 1855.0
681.0 728.0
370.0 1214.0
1200.0 403.0
915.0 508.0
440.0 1626.0
1740.0 1380.0
34.0 610.0
600.0 92.0
1516.0 1967.0
407.0 202.0
904.0 911.0
605.0 592.0
967.0 1431.0
393.0 1717.0
500.0 1223.0
1074.0 530.0
430.0 1788.0
1981.0 517.0
1757.0 1155.0
1596.0 437.0
6.0 533.0
1745.0 788.0
1897.0 1859.0
769.0 1130.0
424.0 351.0
307.0 1523.0
1106.0 260.0
791.0 1895.0
1229.0 1924.0
1571.0 881.0
1185.0 652.0
1465.0 1455.0
1345.0 1605.0
1509.0 278.0
1557.0 1978.0
945.0 1006.0
675.0 1489.0
715.0 225.0
349.0 1912.0
863.0 1244.0
1059.0 126.0
1230.0 1807.0
1529.0 955.0
1568.0 1799.0
99.0 108.0
341.0 757.0
956.0 1503.0
183.0 1339.0
1415.0 1735.0
1371.0 1698.0
1516.0 1213.0
839.0 1259.0
1316.0 1635.0
269.0 240.0
1104.0 1430.0
53.0 1318.0
883.0 1455.0
233.0 690.0
529.0 550.0
794.0 405.0
447.0 37.0
1713.0 757.0
665.0 788.0
1663.0 1449.0
786.0 261.0
1797.0 832.0
1190.0 606.0
1648.0 143.0
1228.0 447.0
1852.0 533.0
1143.0 1231.0
297.0 93.0
1388.0 680.0
1611.0 32.0
1901.0 1179.0
1083.0 756.0
1844.0 289.0
571.0 373.0
1867.0 399.0
55.0 1293.0
136.0 1365.0
1303.0 1299.0
151.0 371.0
1873.0 1646.0
1007.0 920.0
1419.0 405.0
1478.0 1049.0
334.0 1492.0
384.0 1115.0
422.0 396.0
483.0 1805.0
645.0 24.0
1910.0 36.0
24.0 24.0
1672.0 1172.0
466.0 876.0
220.0 40.0
1332.0 1455.0
98.0 399.0
382.0 1549.0
529.0 259.0
431.0 914.0
817.0 1591.0
919.0 368.0
1925.0 1340.0
750.0 300.0
117.0 32.0
366.0 870.0
745.0 1636.0
747.0 292.0
1506.0 952.0
691.0 1802.0
915.0 1589.0
881.0 647.0
1196.0 1222.0
1403.0 191.0
343.0 356.0
1595.0 592.0
667.0 1053.0
1578.0 724.0
862.0 96.0
1800.0 1571.0
1928.0 88.0
777.0 81.0
866.0 163.0
1385.0 315.0
1773.0 813.0
1856.0 9.0
1215.0 1550.0
1281.0 1905.0
1849.0 1132.0
1068.0 504.0
1716.0 958.0
915.0 869.0
1113.0 703.0
458.0 948.0
799.0 427.0
1880.0 68.0
591.0 1177.0
1370.0 798.0
1396.0 1365.0
1014.0 2.0
559.0 713.0
1180.0 1136.0
839.0 1575.0
1785.0 1487.0
1996.0 1398.0
5.0 413.0
1388.0 982.0
1901.0 1156.0
1551.0 209.0
1003.0 693.0
93.0 1265.0
225.0 516.0
1392.0 1080.0
1588.0 256.0
836.0 207.0
1125.0 1629.0
442.0 1055.0
715.0 1024.0
1724.0 230.0
140.0 870.0
1963.0 1990.0
299.0 1201.0
1204.0 32.0
666.0 721.0
1041.0 1448.0
913.0 299.0
427.0 1429.0
247.0 216.0
221.0 343.0
29.0 1228.0
436.0 533.0
842.0 784.0
899.0 35.0
689.0 1567.0
1491.0 540.0
559.0 1706.0
712.0 2.0
160.0 249.0
1278.0 79.0
369.0 1503.0
1618.0 294.0
1088.0 1160.0
1789.0 363.0
1087.0 290.0
1883.0 204.0
152.0 1461.0
490.0 1675.0
1322.0 1055.0
926.0 441.0
450.0 176.0
913.0 1776.0
309.0 160.0
840.0 1629.0
713.0 680.0
993.0 1928.0
1844.0 1492.0
167.0 1489.0
860.0 1106.0
1192.0 473.0
477.0 1223.0
1582.0 618.0
665.0 687.0
1130.0 1124.0
1961.0 414.0
1727.0 1509.0
1442.0 1992.0
410.0 916.0
771.0 1866.0
1775.0 1547.0
267.0 1731.0
334.0 190.0
615.0 1506.0
1957.0 172.0
393.0 1069.0
31.0 1121.0
1316.0 395.0
10.0 1205.0
1364.0 1871.0
614.0 1205.0
730.0 993.0
1497.0 1196.0
1893.0 1834.0
432.0 1997.0
876.0 268.0
1264.0 448.0
1288.0 733.0
1307.0 471.0
591.0 1246.0
1901.0 987.0
1835.0 1244.0
1670.0 8.0
1321.0 1089.0
1266.0 1361.0
1292.0 1208.0
1780.0 1106.0
1970.0 316.0
1217.0 433.0
1183.0 1483.0
1577.0 319.0
1717.0 988.0
832.0 912.0
1093.0 410.0
1450.0 1637.0
479.0 524.0
1510.0 1602.0
582.0 307.0
945.0 1969.0
751.0 1503.0
251.0 339.0
1063.0 110.0
1863.0 1262.0
308.0 402.0
667.0 503.0
164.0 590.0
1064.0 1357.0
370.0 1101.0
1395.0 368.0
775.0 255.0
1314.0 1484.0
652.0 448.0
722.0 278.0
1406.0 1879.0
133.0 801.0
1195.0 632.0
1961.0 29.0
200.0 1494.0
1299.0 398.0
1685.0 793.0
1787.0 1124.0
1384.0 87.0
1057.0 892.0
166.0 1267.0
621.0 1106.0
784.0 47.0
740.0 1601.0
858.0 1102.0
1191.0 1497.0
1175.0 635.0
21.0 1564.0
1616.0 1215.0
16.0 885.0
1475.0 1571.0
1789.0 325.0
616.0 851.0
741.0 571.0
687.0 171.0
1705.0 1600.0
1957.0 1009.0
1266.0 1740.0
870.0 622.0
1110.0 1272.0
604.0 1994.0
1638.0 465.0
1845.0 611.0
1077.0 1797.0
1459.0 986.0
852.0 670.0
1788.0 762.0
40.0 696.0
1394.0 1414.0
972.0 1457.0
1181.0 669.0
1666.0 1100.0
532.0 1789.0
85.0 641.0
667.0 1969.0
1451.0 117.0
1575.0 760.0
1014.0 1793.0
1452.0 1860.0
793.0 1330.0
71.0 1547.0
1384.0 1868.0
391.0 126.0
1128.0 107.0
582.0 1588.0
965.0 440.0
1878.0 562.0
307.0 1877.0
1431.0 745.0
540.0 1893.0
1237.0 1628.0
503.0 587.0
830.0 876.0
1130.0 1277.0
1968.0 1762.0
1830.0 292.0
1425.0 1912.0
1985.0 1811.0
376.0 196.0
833.0 1618.0
1913.0 1250.0
1460.0 1702.0
1407.0 1661.0
429.0 1246.0
1505.0 10.0
425.0 1933.0
199.0 881.0
79.0 1791.0
1925.0 1865.0
37.0 1289.0
918.0 1407.0
799.0 1266.0
1268.0 1683.0
1283.0 1576.0
1492.0 511.0
1000.0 1920.0
1311.0 1172.0
1965.0 1054.0
1690.0 1203.0
1030.0 1196.0
935.0 916.0
480.0 1163.0
388.0 327.0
118.0 228.0
225.0 37.0
1244.0 1834.0
1280.0 625.0
441.0 910.0
165.0 1937.0
737.0 1133.0
1757.0 1907.0
1056.0 458.0
1370.0 254.0
1203.0 644.0
348.0 246.0
833.0 1091.0
636.0 603.0
1687.0 149.0
1890.0 751.0
112.0 799.0
486.0 306.0
1315.0 1698.0
1139.0 204.0
1734.0 1500.0
1672.0 1526.0
817.0 920.0
1704.0 917.0