366.0 107.0
1684.0 1459.0
1747.0 30.0
1409.0 950.0
1568.0 226.0
429.0 1467.0
1541.0 158.0
396.0 1283.0
272.0 1113.0
1219.0 878.0
1727.0 1828.0
1696.0 1802.0
1846.0 567.0
919.0 1033.0
1532.0 822.0
1128.0 237.0
1936.0 1360.0
1852.0 1475.0
1609.0 1253.0
1773.0 538.0
1835.0 1633.0
1797.0 1006.0
901.0 488.0
1391.0 821.0
935.0 1008.0
74.0 1046.0
1152.0 38.0
1756.0 1761.0
1606.0 318.0
1875.0 494.0
1183.0 1146.0
7.0 1654.0
1084.0 438.0
987.0 168.0
134.0 1198.0
1970.0 121.0
976.0 285.0
750.0 1275.0
668.0 995.0
547.0 1801.0
1129.0 338.0
522.0 492.0
282.0 1829.0
1138.0 1213.0
738.0 940.0
162.0 1496.0
1324.0 1721.0
1881.0 1017.0
1159.0 369.0
501.0 1397.0
46.0 303.0
1554.0 1143.0
565.0 395.0
1403.0 1190.0
575.0 1362.0
1212.0 784.0
1501.0 1874.0
1976.0 54.0
1777.0 1908.0
1990.0 83.0
176.0 567.0
982.0 1385.0
1638.0 869.0
322.0 890.0
1204.0 1348.0
415.0 1696.0
1172.0 1755.0
1587.0 1721.0
301.0 190.0
1216.0 963.0
1746.0 841.0
1694.0 1664.0
1252.0 645.0
136.0 1094.0
600.0 441.0
492.0 966.0
883.0 753.0
582.0 1574.0
1906.0 1571.0
342.0 1389.0
1335.0 20.0
1949.0 1611.0
349.0 582.0
535.0 1123.0
444.0 1308.0
1987.0 1062.0
1240.0 572.0
1726.0 1980.0
196.0 15.0
780.0 1233.0
772.0 424.0
1064.0 154.0
1264.0 894.0
452.0 339.0
1716.0 184.0
825.0 1703.0
676.0 1524.0
690.0 507.0
829.0 596.0
1652.0 615.0
951.0 1862.0
853.0 1426.0
1558.0 1631.0
1150.0 553.0
960.0 19.0
1883.0 891.0
1481.0 1363.0
1903.0 772.0
186.0 179.0
724.0 324.0
160.0 1335.0
464.0 1820.0
1296.0 1049.0
1091.0 1316.0
1256.0 90.0
13.0 1116.0
1841.0 323.0
220.0 1821.0
1168.0 758.0
1955.0 1530.0
476.0 374.0
423.0 1545.0
379.0 32.0
1555.0 312.0
1685.0 68.0
1723.0 1597.0
649.0 1284.0
397.0 1935.0
1054.0 1559.0
131.0 42.0
737.0 90.0
549.0 1779.0
1694.0 1413.0
764.0 425.0
586.0 1926.0
1825.0 1380.0
1869.0 76.0
580.0 685.0
829.0 1985.0
1289.0 409.0
469.0 1604.0
348.0 1538.0
1956.0 1571.0
837.0 1844.0
1986.0 802.0
1607.0 1457.0
1022.0 202.0
802.0 1634.0
1730.0 1985.0
1112.0 155.0
1720.0 289.0
1741.0 74.0
678.0 1560.0
1463.0 11.0
1988.0 636.0
1909.0 299.0
1679.0 313.0
748.0 279.0
1189.0 552.0
637.0 1424.0
1713.0 1533.0
754.0 1421.0
641.0 765.0
1495.0 1693.0
834.0 698.0
613.0 1464.0
877.0 461.0
1689.0 32.0
1371.0 287.0
676.0 921.0
244.0 1204.0
731.0 1106.0
37.0 164.0
1343.0 144.0
1824.0 151.0
119.0 1094.0
733.0 1389.0
1273.0 466.0
1455.0 359.0
1000.0 1382.0
1457.0 1077.0
1126.0 274.0
799.0 445.0
539.0 1851.0
304.0 165.0
1070.0 522.0
1489.0 1277.0
1344.0 1699.0
94.0 892.0
136.0 1120.0
489.0 389.0
632.0 314.0
285.0 1621.0
799.0 820.0
347.0 1516.0
1512.0 884.0
3.0 486.0
1200.0 46.0
1776.0 373.0
261.0 1086.0
266.0 173.0
985.0 946.0
1935.0 1435.0
358.0 1490.0
75.0 611.0
619.0 1389.0
339.0 1365.0
69.0 1121.0
546.0 1466.0
185.0 102.0
491.0 129.0
413.0 1896.0
445.0 1665.0
1270.0 1328.0
1556.0 442.0
1724.0 990.0
1116.0 1884.0
970.0 244.0
1281.0 243.0
1890.0 690.0
1426.0 1550.0
1022.0 1177.0
1891.0 1002.0
160.0 750.0
354.0 96.0
1354.0 1294.0
945.0 712.0
858.0 1256.0
994.0 1945.0
301.0 1436.0
1857.0 334.0
485.0 430.0
715.0 998.0
101.0 934.0
1724.0 1303.0
1257.0 439.0
1846.0 384.0
1794.0 1897.0
909.0 1450.0
1391.0 486.0
560.0 795.0
839.0 78.0
1698.0 1479.0
387.0 1688.0
1430.0 1618.0
393.0 565.0
1081.0 327.0
1682.0 1874.0
537.0 1550.0
317.0 1658.0
852.0 1277.0
413.0 1349.0
827.0 1566.0
797.0 626.0
1877.0 1929.0
980.0 1356.0
1360.0 1406.0
1540.0 924.0
1874.0 1393.0
1468.0 458.0
1133.0 338.0
1181.0 737.0
1297.0 359.0
1161.0 1503.0
44.0 1193.0
1767.0 613.0
493.0 72.0
595.0 849.0
1046.0 892.0
371.0 1382.0
639.0 1529.0
245.0 1461.0
102.0 1373.0
1588.0 74.0
324.0 1610.0
409.0 5.0
1292.0 427.0
1149.0 931.0
1405.0 772.0
1229.0 1496.0
919.0 1370.0
1814.0 91.0
858.0 1996.0
832.0 239.0
377.0 1021.0
1399.0 346.0
1326.0 591.0
1508.0 1571.0
1879.0 814.0
123.0 573.0
670.0 1734.0
206.0 1978.0
1350.0 1169.0
1550.0 1182.0
225.0 1953.0
289.0 690.0
527.0 231.0
703.0 1376.0
416.0 1917.0
6.0 434.0
1643.0 1814.0
1726.0 1634.0
1047.0 960.0
1319.0 1293.0
1078.0 1827.0
542.0 73.0
1090.0 457.0
463.0 1855.0
1279.0 250.0
772.0 391.0
1888.0 18.0
523.0 352.0
1478.0 1953.0
1349.0 1224.0
579.0 496.0
1611.0 1886.0
1213.0 1323.0
1803.0 1601.0
1806.0 943.0
641.0 437.0
647.0 545.0
529.0 1506.0
325.0 1128.0
1488.0 504.0
556.0 1224.0
962.0 1331.0
208.0 796.0
1677.0 86.0
770.0 815.0
509.0 471.0
119.0 183.0
530.0 136.0
53.0 1967.0
1635.0 653.0
1350.0 560.0
165.0 1087.0
95.0 123.0
1799.0 428.0
891.0 1941.0
165.0 1240.0
496.0 255.0
860.0 68.0
643.0 1969.0
1021.0 617.0
1383.0 963.0
1003.0 1153.0
1232.0 1832.0
1918.0 1539.0
1622.0 1703.0
1306.0 41.0
1493.0 903.0
1545.0 511.0
961.0 950.0
1221.0 266.0
39.0 470.0
1058.0 675.0
1647.0 1477.0
536.0 239.0
1245.0 823.0
702.0 1772.0
503.0 1282.0
961.0 1290.0
849.0 422.0
1173.0 1571.0
100.0 263.0
1027.0 1112.0
1357.0 1672.0
1744.0 538.0
1377.0 374.0
222.0 1202.0
878.0 350.0
587.0 1054.0
1005.0 1148.0
1975.0 680.0
1092.0 17.0
1860.0 868.0
456.0 1264.0
1558.0 773.0
1839.0 1397.0
1529.0 125.0
1347.0 1922.0
434.0 1904.0
1043.0 824.0
14.0 1539.0
1636.0 478.0
1942.0 1175.0
404.0 1121.0
1028.0 28.0
415.0 1256.0
527.0 1075.0
266.0 1331.0
1554.0 996.0
1901.0 320.0
1388.0 88.0
1454.0 1177.0
624.0 916.0
1720.0 509.0
1276.0 1715.0
1627.0 505.0
934.0 287.0
1772.0 787.0
195.0 60.0
637.0 467.0
1809.0 1089.0
904.0 1679.0
1956.0 500.0
869.0 369.0
1038.0 192.0
202.0 1159.0
871.0 965.0
370.0 982.0
813.0 1885.0
918.0 1180.0
996.0 550.0
984.0 49.0
782.0 1841.0
175.0 313.0
518.0 1382.0
1501.0 313.0
1943.0 274.0
1964.0 1795.0
1641.0 574.0
406.0 175.0
1067.0 1677.0
1604.0 1192.0
252.0 1746.0
1326.0 609.0
99.0 1467.0
1746.0 194.0
1599.0 1486.0
1136.0 1843.0
1257.0 1886.0
785.0 1235.0
230.0 1898.0
1383.0 1669.0
1736.0 1170.0
192.0 296.0
1395.0 679.0
196.0 1346.0
221.0 1918.0
1630.0 8.0
671.0 449.0
1544.0 684.0
808.0 98.0
1662.0 1348.0
1281.0 845.0
1413.0 1315.0
651.0 393.0
1556.0 1574.0
324.0 842.0
736.0 1933.0
1881.0 662.0
1798.0 692.0
1366.0 1777.0
978.0 460.0
1432.0 1768.0
1996.0 1931.0
243.0 663.0
610.0 989.0
1823.0 55.0
432.0 1110.0
765.0 600.0
1964.0 501.0
1208.0 1974.0
110.0 790.0
135.0 1739.0
780.0 340.0
1710.0 1921.0
1316.0 1592.0
1668.0 1730.0
1427.0 1123.0
1392.0 1662.0
1043.0 1589.0
749.0 200.0
33.0 1383.0
92.0 1950.0
1915.0 1115.0
1224.0 99.0
968.0 77.0
1684.0 506.0
866.0 1430.0
1617.0 1537.0
175.0 814.0
348.0 488.0
174.0 107.0
756.0 1196.0
1516.0 1210.0
1369.0 821.0
1270.0 1033.0
384.0 1048.0
1912.0 1854.0
1347.0 1785.0
420.0 664.0
1253.0 1553.0
1487.0 1808.0
803.0 664.0
1141.0 1707.0
1206.0 1712.0
797.0 735.0
1861.0 430.0
1926.0 367.0
344.0 1860.0
433.0 1317.0
295.0 879.0
505.0 939.0
528.0 1723.0
93.0 1175.0
1032.0 1374.0
30.0 1632.0
729.0 744.0
1539.0 1681.0
505.0 677.0
730.0 1769.0
1067.0 220.0
1609.0 987.0
367.0 1927.0
898.0 1753.0
948.0 1247.0
629.0 233.0
1150.0 1283.0
1472.0 1585.0
707.0 581.0
450.0 436.0
559.0 1329.0
845.0 1272.0
1607.0 411.0
889.0 643.0
442.0 708.0
325.0 1843.0
275.0 1304.0
104.0 1927.0
540.0 600.0
886.0 253.0
1629.0 1151.0
318.0 200.0
1858.0 1330.0
1696.0 1549.0
490.0 1049.0
700.0 1083.0
364.0 1749.0
773.0 1188.0
68.0 1341.0
229.0 1676.0
618.0 89.0
1658.0 190.0
675.0 282.0
1246.0 1797.0
1026.0 1076.0
564.0 1742.0
1527.0 1481.0
926.0 615.0
295.0 243.0
1340.0 84.0
76.0 1229.0
174.0 1822.0
531.0 1374.0
955.0 552.0
1363.0 1204.0
474.0 688.0
1277.0 537.0
254.0 813.0
1615.0 868.0
814.0 843.0
1491.0 1119.0
258.0 657.0
1365.0 657.0
42.0 347.0
49.0 567.0
200.0 969.0
858.0 1187.0
654.0 499.0
1384.0 321.0
738.0 1735.0
377.0 1426.0
1182.0 1057.0
583.0 695.0
947.0 1797.0
1482.0 1260.0
366.0 1980.0
1749.0 958.0
1875.0 921.0
1451.0 1546.0
1334.0 359.0
1588.0 1140.0
1928.0 1329.0
1387.0 1793.0
1390.0 1677.0
1999.0 801.0
510.0 1238.0
169.0 1708.0
3.0 1988.0
1549.0 1368.0
1439.0 1530.0
809.0 1460.0
592.0 1276.0
1466.0 1157.0
1739.0 155.0
942.0 298.0
661.0 495.0
1589.0 1277.0
1297.0 1584.0
1905.0 185.0
1779.0 944.0
1404.0 1315.0
563.0 680.0
120.0 102.0
1614.0 1694.0
1457.0 1487.0
966.0 368.0
895.0 1121.0
537.0 1360.0
184.0 630.0
1647.0 491.0
1602.0 1188.0
93.0 1511.0
1430.0 391.0
1862.0 473.0
976.0 1488.0
1169.0 1873.0
1331.0 1418.0
1222.0 499.0
1001.0 612.0
994.0 738.0
1480.0 768.0
523.0 890.0
352.0 408.0
1677.0 1562.0
273.0 1447.0
1170.0 317.0
1770.0 1307.0
720.0 1252.0
924.0 1077.0
1612.0 1697.0
1405.0 810.0
1964.0 162.0
1304.0 186.0
1002.0 1240.0
1169.0 1306.0
1573.0 1860.0
1846.0 1104.0
1874.0 1725.0
1986.0 1355.0
1391.0 640.0
427.0 476.0
72.0 516.0
235.0 85.0
1362.0 568.0
731.0 1276.0
901.0 1740.0
1883.0 1371.0
679.0 1977.0
1999.0 792.0
627.0 974.0
404.0 1116.0
1017.0 312.0
144.0 1826.0
1391.0 1836.0
1830.0 1679.0
1765.0 1060.0
1161.0 1816.0
1141.0 917.0
1720.0 532.0
1961.0 1833.0
1064.0 495.0
839.0 1421.0
175.0 791.0
1832.0 761.0
220.0 311.0
1190.0 55.0
1797.0 1278.0
1555.0 434.0
1528.0 1227.0
1974.0 269.0
1587.0 1783.0
17.0 332.0
1198.0 783.0
78.0 1011.0
1702.0 1085.0
392.0 378.0
1205.0 34.0
309.0 1353.0
845.0 1746.0
481.0 118.0
148.0 220.0
406.0 1080.0
824.0 1332.0
279.0 870.0
1123.0 1950.0
44.0 817.0
394.0 1625.0
1560.0 1899.0
1040.0 1030.0
1686.0 1235.0
712.0 1060.0
1954.0 1007.0
135.0 1290.0
1924.0 996.0
1704.0 320.0
1606.0 244.0
329.0 10.0
71.0 1124.0
1170.0 1297.0
569.0 1545.0
918.0 1120.0
1668.0 1935.0
466.0 776.0
205.0 1078.0
242.0 1456.0
881.0 281.0
675.0 109.0
892.0 1772.0
1267.0 1930.0
838.0 1969.0
1972.0 4.0
1085.0 647.0
1056.0 1141.0
670.0 1056.0
1383.0 1355.0
1740.0 222.0
1203.0 1860.0
1651.0 729.0
1821.0 583.0
1126.0 1743.0
1048.0 258.0
708.0 504.0
1450.0 348.0
1273.0 1189.0
987.0 1799.0
1441.0 149.0
1399.0 468.0
312.0 1012.0
1245.0 1410.0
253.0 1488.0
1226.0 628.0
629.0 1416.0
1568.0 1790.0
683.0 548.0
1599.0 1884.0
373.0 987.0
214.0 879.0
114.0 1237.0
1394.0 613.0
31.0 1294.0
1909.0 228.0
89.0 1188.0
626.0 1378.0
1964.0 1181.0
1237.0 468.0
1514.0 1799.0
384.0 1841.0
1528.0 301.0
319.0 1267.0
882.0 899.0
1757.0 1977.0
911.0 1007.0
944.0 395.0
1791.0 324.0
15.0 316.0
656.0 268.0
275.0 1893.0
1472.0 945.0
507.0 1460.0
1757.0 920.0
1098.0 0.0
553.0 394.0
1340.0 1191.0
169.0 17.0
1222.0 1654.0
444.0 603.0
1466.0 580.0
40.0 254.0
73.0 395.0
1903.0 1209.0
1828.0 1908.0
337.0 658.0
1131.0 671.0
204.0 513.0
678.0 140.0
1343.0 1976.0
610.0 937.0
1484.0 845.0
610.0 200.0
523.0 1510.0
311.0 1579.0
91.0 96.0
363.0 1503.0
739.0 1692.0
903.0 994.0
215.0 1879.0
533.0 707.0
6.0 932.0
591.0 1445.0
1104.0 1559.0
1542.0 1023.0
613.0 865.0
1695.0 259.0
969.0 1155.0
1320.0 1273.0
132.0 1489.0
24.0 1927.0
533.0 502.0
852.0 15.0
1814.0 1501.0
1037.0 1349.0
1530.0 82.0
1927.0 1915.0
1219.0 54.0
581.0 44.0
1761.0 633.0
1984.0 177.0
1733.0 1607.0
183.0 259.0
595.0 1266.0
1663.0 1694.0
950.0 663.0
700.0 1517.0
877.0 800.0
680.0 1464.0
1843.0 885.0
575.0 1767.0
236.0 1344.0
894.0 1362.0
1020.0 1612.0
1616.0 407.0
18.0 361.0
615.0 1078.0
1521.0 1758.0
364.0 1148.0
1166.0 27.0
1310.0 970.0
21.0 331.0
1750.0 818.0
183.0 1042.0
1259.0 1342.0
1695.0 681.0
497.0 1389.0
1570.0 883.0
669.0 1898.0
340.0 266.0
163.0 1418.0
1047.0 907.0
400.0 1426.0
1790.0 1819.0
644.0 1539.0
623.0 1477.0
967.0 163.0
1191.0 561.0
1964.0 1641.0
88.0 978.0
738.0 1317.0