777.0 1283.0
1490.0 620.0
1246.0 1646.0
891.0 612.0
400.0 1446.0
1013.0 1046.0
1509.0 601.0
640.0 1477.0
1640.0 1443.0
918.0 433.0
233.0 233.0
972.0 1765.0
755.0 770.0
1399.0 1120.0
782.0 786.0
540.0 814.0
283.0 3.0
752.0 50.0
365.0 67.0
686.0 1282.0
1383.0 1877.0
519.0 111.0
1664.0 836.0
1907.0 448.0
35.0 395.0
1381.0 266.0
931.0 1674.0
205.0 142.0
1964.0 614.0
1879.0 287.0
469.0 512.0
1537.0 382.0
721.0 96.0
666.0 1988.0
1236.0 1134.0
790.0 1771.0
547.0 812.0
1934.0 73.0
724.0 1075.0
1940.0 1466.0
533.0 313.0
1236.0 185.0
792.0 1740.0
1270.0 76.0
748.0 462.0
687.0 1833.0
1399.0 45.0
1639.0 1544.0
767.0 1293.0
742.0 1126.0
152.0 1844.0
1160.0 258.0
439.0 289.0
560.0 601.0
917.0 490.0
1880.0 329.0
1312.0 1921.0
1254.0 963.0
1163.0 1635.0
58.0 98.0
1174.0 221.0
404.0 579.0
616.0 1499.0
1298.0 1168.0
392.0 142.0
759.0 1885.0
124.0 1512.0
631.0 29.0
824.0 935.0
1727.0 1793.0
568.0 1500.0
866.0 1647.0
41.0 88.0
1838.0 1836.0
1265.0 1810.0
1726.0 1302.0
15.0 1463.0
1960.0 1152.0
317.0 1982.0
1205.0 74.0
1810.0 759.0
1713.0 764.0
1396.0 335.0
24.0 1551.0
906.0 1506.0
561.0 1784.0
1040.0 142.0
1335.0 322.0
1428.0 1360.0
674.0 1959.0
141.0 510.0
21.0 634.0
603.0 1616.0
544.0 740.0
313.0 779.0
1717.0 954.0
1791.0 908.0
568.0 647.0
884.0 1197.0
1855.0 619.0
977.0 1367.0
537.0 31.0
1953.0 1924.0
379.0 116.0
116.0 1743.0
629.0 1192.0
1043.0 11.0
947.0 580.0
781.0 1549.0
976.0 1508.0
864.0 438.0
1365.0 995.0
4.0 1921.0
1471.0 995.0
1425.0 438.0
463.0 502.0
1184.0 1752.0
75.0 1789.0
959.0 145.0
273.0 330.0
398.0 872.0
331.0 979.0
295.0 1548.0
702.0 1862.0
1131.0 1664.0
860.0 1683.0
263.0 195.0
858.0 1419.0
501.0 298.0
556.0 1635.0
1838.0 701.0
748.0 725.0
317.0 683.0
1114.0 851.0
15.0 1930.0
477.0 56.0
215.0 1839.0
1576.0 797.0
830.0 1830.0
1128.0 1013.0
231.0 1983.0
1913.0 662.0
784.0 1541.0
535.0 1252.0
1925.0 444.0
834.0 908.0
911.0 1559.0
620.0 330.0
1354.0 307.0
892.0 1831.0
1396.0 1907.0
693.0 642.0
1152.0 1656.0
1536.0 1162.0
1851.0 1885.0
1445.0 1189.0
902.0 1309.0
473.0 1376.0
337.0 593.0
833.0 1892.0
633.0 1786.0
1509.0 1761.0
1145.0 103.0
752.0 1898.0
444.0 836.0
404.0 716.0
210.0 543.0
1258.0 1740.0
1552.0 424.0
1207.0 796.0
338.0 1252.0
666.0 442.0
76.0 1102.0
81.0 326.0
1886.0 843.0
1260.0 141.0
773.0 1976.0
1385.0 1622.0
766.0 370.0
1358.0 1577.0
1238.0 1730.0
198.0 951.0
413.0 483.0
1330.0 506.0
1962.0 433.0
65.0 602.0
1159.0 1344.0
410.0 1480.0
1404.0 1254.0
1702.0 1691.0
569.0 6.0
1451.0 388.0
1629.0 1530.0
1506.0 1504.0
1156.0 380.0
618.0 683.0
766.0 1361.0
1670.0 1451.0
266.0 1762.0
161.0 1440.0
289.0 1033.0
1554.0 1301.0
191.0 725.0
170.0 1347.0
1387.0 921.0
138.0 1939.0
1896.0 1015.0
722.0 1150.0
629.0 1844.0
964.0 771.0
1951.0 1064.0
1527.0 963.0
1142.0 869.0
40.0 1197.0
236.0 98.0
26.0 673.0
1306.0 1075.0
78.0 1187.0
1229.0 1334.0
1678.0 830.0
1997.0 796.0
1619.0 1571.0
575.0 1809.0
1126.0 1325.0
912.0 1355.0
867.0 1377.0
1441.0 1755.0
1242.0 263.0
691.0 963.0
720.0 1407.0
808.0 1701.0
386.0 899.0
905.0 1715.0
1177.0 1080.0
1557.0 744.0
1257.0 1199.0
1878.0 1601.0
275.0 62.0
288.0 106.0
1115.0 1542.0
563.0 369.0
1955.0 0.0
304.0 1449.0
950.0 1017.0
89.0 206.0
66.0 1240.0
272.0 95.0
636.0 1800.0
945.0 1261.0
727.0 86.0
588.0 414.0
799.0 1257.0
1114.0 1566.0
160.0 1592.0
833.0 723.0
356.0 1084.0
162.0 44.0
841.0 708.0
1200.0 1558.0
1296.0 1503.0
971.0 1194.0
1634.0 1770.0
1834.0 1941.0
1613.0 421.0
615.0 613.0
1340.0 1748.0
469.0 461.0
261.0 783.0
1260.0 1174.0
492.0 326.0
1717.0 3.0
1509.0 1557.0
481.0 1439.0
1543.0 688.0
1123.0 917.0
811.0 155.0
974.0 1275.0
1060.0 1145.0
1049.0 155.0
632.0 575.0
1792.0 399.0
604.0 755.0
1284.0 1241.0
783.0 1942.0
18.0 1597.0
685.0 12.0
1472.0 908.0
803.0 1556.0
260.0 1550.0
130.0 872.0
927.0 1338.0
828.0 531.0
1718.0 453.0
684.0 1785.0
466.0 149.0
1762.0 1816.0
925.0 464.0
44.0 1225.0
925.0 742.0
1680.0 723.0
1166.0 1592.0
1429.0 652.0
263.0 979.0
1810.0 173.0
1294.0 941.0
1934.0 1857.0
1815.0 1067.0
119.0 1673.0
1095.0 1948.0
1262.0 991.0
1416.0 662.0
319.0 181.0
1269.0 1643.0
1582.0 138.0
1685.0 1143.0
765.0 1400.0
68.0 889.0
730.0 797.0
1373.0 379.0
949.0 819.0
1972.0 1648.0
1055.0 718.0
1599.0 1018.0
1535.0 194.0
1333.0 661.0
478.0 895.0
1599.0 1363.0
1666.0 1658.0
1515.0 948.0
1543.0 217.0
447.0 833.0
1945.0 1978.0
810.0 1814.0
703.0 432.0
1638.0 1978.0
1857.0 1291.0
1290.0 1868.0
90.0 1124.0
412.0 203.0
1672.0 1762.0
1123.0 1330.0
80.0 283.0
59.0 1039.0
831.0 1307.0
1010.0 1983.0
267.0 1962.0
1135.0 1239.0
521.0 301.0
1714.0 1.0
151.0 555.0
1942.0 1633.0
1705.0 1562.0
371.0 1731.0
1201.0 1862.0
753.0 1364.0
775.0 1469.0
1879.0 1673.0
408.0 602.0
1473.0 1615.0
411.0 1467.0
207.0 768.0
799.0 785.0
1002.0 63.0
1744.0 901.0
145.0 1088.0
968.0 513.0
1122.0 167.0
738.0 514.0
597.0 219.0
1065.0 1384.0
1938.0 727.0
239.0 87.0
643.0 1213.0
475.0 1341.0
771.0 647.0
714.0 432.0
1926.0 1851.0
837.0 1411.0
1042.0 1898.0
963.0 1109.0
987.0 390.0
1829.0 1095.0
285.0 1182.0
1887.0 1592.0
1458.0 695.0
1159.0 1583.0
1363.0 1960.0
1670.0 259.0
891.0 18.0
619.0 202.0
1912.0 810.0
1247.0 1037.0
202.0 1477.0
467.0 900.0
1086.0 1631.0
325.0 1555.0
1108.0 327.0
1730.0 208.0
1131.0 219.0
1477.0 1152.0
207.0 635.0
1917.0 286.0
1449.0 269.0
813.0 1751.0
1173.0 444.0
957.0 533.0
849.0 1997.0
446.0 1365.0
1249.0 337.0
1259.0 599.0
415.0 1328.0
123.0 1682.0
1855.0 1176.0
1746.0 1713.0
1745.0 113.0
247.0 430.0
640.0 92.0
945.0 1817.0
231.0 1736.0
1994.0 54.0
1395.0 1008.0
1574.0 0.0
1604.0 1220.0
396.0 1485.0
1757.0 1379.0
931.0 1648.0
1067.0 370.0
936.0 245.0
1186.0 1339.0
875.0 1213.0
626.0 37.0
170.0 694.0
1320.0 476.0
629.0 1797.0
1281.0 1037.0
609.0 1811.0
1066.0 561.0
744.0 898.0
180.0 1123.0
1901.0 1002.0
963.0 255.0
1597.0 4.0
1957.0 1560.0
881.0 130.0
1007.0 710.0
1280.0 40.0
1362.0 747.0
881.0 1292.0
589.0 1249.0
623.0 1302.0
444.0 177.0
1045.0 659.0
14.0 1890.0
1960.0 1564.0
869.0 1485.0
1380.0 1118.0
1943.0 1177.0
63.0 1606.0
1793.0 1879.0
601.0 1307.0
490.0 844.0
661.0 1975.0
1317.0 102.0
1201.0 67.0
657.0 221.0
1729.0 447.0
619.0 1944.0
1387.0 827.0
1059.0 1977.0
1579.0 1796.0
1468.0 1910.0
582.0 1982.0
1724.0 597.0
1467.0 1178.0
595.0 515.0
1365.0 597.0
969.0 1169.0
990.0 158.0
1184.0 1259.0
1086.0 209.0
1545.0 1654.0
1841.0 852.0
290.0 1798.0
1414.0 797.0
925.0 377.0
323.0 1246.0
875.0 228.0
710.0 1246.0
1799.0 408.0
1079.0 117.0
1168.0 1999.0
1145.0 276.0
206.0 1177.0
479.0 495.0
790.0 1726.0
1499.0 392.0
456.0 783.0
97.0 1769.0
102.0 478.0
331.0 1086.0
399.0 854.0
1414.0 1116.0
905.0 1353.0
73.0 1442.0
172.0 372.0
1813.0 1659.0
1291.0 1809.0
616.0 1596.0
14.0 536.0
732.0 560.0
955.0 1330.0
828.0 190.0
1940.0 1789.0
1335.0 387.0
1545.0 1285.0
29.0 194.0
1438.0 789.0
550.0 1429.0
471.0 1641.0
1442.0 1982.0
623.0 1615.0
1179.0 542.0
1880.0 122.0
439.0 1041.0
1485.0 1779.0
1961.0 277.0
884.0 924.0
871.0 1125.0
431.0 1730.0
1814.0 966.0
1329.0 1839.0
1249.0 1741.0
1758.0 1000.0
761.0 634.0
1051.0 410.0
342.0 326.0
1268.0 1932.0
1484.0 548.0
444.0 1697.0
1401.0 551.0
271.0 76.0
90.0 800.0
788.0 1536.0
1597.0 1106.0
990.0 739.0
1937.0 277.0
1506.0 1215.0
106.0 1058.0
1778.0 1589.0
273.0 225.0
872.0 1518.0
1640.0 1773.0
702.0 143.0
875.0 1121.0
1450.0 248.0
1842.0 130.0
1720.0 1129.0
1571.0 1192.0
47.0 1201.0
900.0 1577.0
533.0 773.0
734.0 1284.0
702.0 1098.0
1629.0 1799.0
704.0 1023.0
1140.0 862.0
850.0 729.0
717.0 1369.0
482.0 988.0
238.0 1496.0
934.0 3.0
1703.0 421.0
635.0 1197.0
200.0 1278.0
489.0 1764.0
1232.0 734.0
1384.0 1915.0
1904.0 1240.0
395.0 307.0
958.0 351.0
250.0 1466.0
533.0 1140.0
1133.0 65.0
1401.0 76.0
260.0 8.0
1512.0 1933.0
133.0 1656.0
92.0 614.0
1613.0 300.0
1533.0 312.0
839.0 541.0
1348.0 885.0
378.0 409.0
1163.0 852.0
876.0 159.0
1903.0 1085.0
1621.0 1354.0
1255.0 1527.0
1630.0 280.0
15.0 588.0
312.0 1653.0
797.0 213.0
1241.0 889.0
1476.0 1719.0
114.0 1690.0
1655.0 410.0
60.0 1247.0
5.0 1522.0
400.0 723.0
450.0 924.0
1093.0 146.0
471.0 1431.0
372.0 1043.0
1056.0 940.0
200.0 466.0
899.0 123.0
130.0 1049.0
1009.0 643.0
552.0 602.0
804.0 1294.0
221.0 124.0
600.0 599.0
812.0 1663.0
1222.0 57.0
302.0 1693.0
251.0 1125.0
1355.0 688.0
88.0 815.0
1469.0 170.0
1379.0 486.0
832.0 5.0
1690.0 1086.0
293.0 1799.0
1671.0 1276.0
774.0 1713.0
191.0 253.0
1620.0 1828.0
1317.0 1891.0
380.0 1041.0
1980.0 749.0
776.0 1164.0
905.0 1522.0
1553.0 1612.0
1799.0 506.0
338.0 1026.0
1395.0 201.0
1608.0 1763.0
184.0 1657.0
870.0 1331.0
1909.0 1987.0
21.0 1408.0
890.0 889.0
313.0 1976.0
1858.0 1555.0
1838.0 248.0
1002.0 116.0
1793.0 1651.0
1904.0 248.0
603.0 1003.0
519.0 28.0
472.0 702.0
1942.0 1546.0
646.0 224.0
496.0 1776.0
985.0 161.0
1742.0 1708.0
347.0 1163.0
472.0 614.0
1025.0 1019.0
1588.0 986.0
1048.0 1177.0
1157.0 64.0
1998.0 389.0
68.0 874.0
1646.0 1536.0
252.0 1993.0
563.0 196.0
31.0 1357.0
1709.0 641.0
102.0 935.0
1618.0 1878.0
1062.0 284.0
1291.0 1976.0
590.0 456.0
1823.0 305.0
621.0 796.0
1406.0 664.0
1296.0 919.0
483.0 520.0
649.0 380.0
1165.0 1424.0
315.0 1285.0
647.0 1575.0
802.0 1444.0
274.0 1818.0
1696.0 1250.0
1220.0 228.0
1265.0 422.0
1802.0 1705.0
1120.0 1507.0