766.0 716.0
592.0 370.0
157.0 484.0
857.0 951.0
917.0 390.0
732.0 292.0
189.0 240.0
286.0 960.0
83.0 823.0
880.0 452.0
153.0 711.0
674.0 911.0
18.0 326.0
695.0 811.0
315.0 877.0
92.0 879.0
262.0 476.0
562.0 170.0
98.0 945.0
548.0 449.0
359.0 229.0
954.0 269.0
717.0 27.0
635.0 60.0
84.0 526.0
449.0 26.0
85.0 142.0
22.0 659.0
872.0 134.0
101.0 80.0
287.0 901.0
396.0 588.0
215.0 38.0
549.0 610.0
863.0 647.0
883.0 485.0
586.0 499.0
529.0 51.0
126.0 84.0
654.0 215.0
150.0 864.0
717.0 882.0
765.0 471.0
585.0 637.0
1.0 527.0
142.0 541.0
759.0 195.0
906.0 411.0
829.0 102.0
835.0 583.0
202.0 104.0
2.0 24.0
626.0 940.0
549.0 107.0
654.0 390.0
538.0 222.0
512.0 75.0
406.0 528.0
860.0 654.0
342.0 623.0
1.0 676.0
269.0 405.0
727.0 670.0
421.0 39.0
739.0 897.0
601.0 747.0
790.0 683.0
286.0 494.0
660.0 75.0
153.0 832.0
215.0 933.0
587.0 725.0
524.0 666.0
874.0 456.0
701.0 224.0
433.0 182.0
470.0 579.0
400.0 308.0
363.0 431.0
934.0 573.0
622.0 649.0
314.0 372.0
359.0 241.0
649.0 795.0
707.0 774.0
98.0 542.0
655.0 606.0
126.0 175.0
910.0 848.0
307.0 391.0
94.0 537.0
151.0 221.0
521.0 382.0
793.0 470.0
271.0 52.0
635.0 793.0
353.0 18.0
435.0 861.0
48.0 488.0
226.0 858.0
676.0 383.0
276.0 65.0
689.0 44.0
37.0 89.0
891.0 66.0
37.0 359.0
554.0 691.0
834.0 1.0
528.0 683.0
725.0 407.0
152.0 137.0
735.0 974.0
81.0 298.0
385.0 2.0
47.0 636.0
986.0 864.0
595.0 764.0
475.0 461.0
873.0 980.0
983.0 15.0
63.0 925.0
678.0 582.0
917.0 556.0
256.0 22.0
135.0 556.0
975.0 699.0
472.0 977.0
878.0 753.0
849.0 52.0
470.0 128.0
567.0 832.0
695.0 896.0
811.0 951.0
922.0 695.0
138.0 761.0
933.0 796.0
461.0 395.0
944.0 183.0
971.0 352.0
781.0 191.0
26.0 207.0
461.0 791.0
268.0 104.0
260.0 310.0
78.0 524.0
838.0 121.0
588.0 768.0
28.0 608.0
656.0 69.0
998.0 842.0
482.0 936.0
685.0 253.0
321.0 297.0
136.0 126.0
48.0 450.0
603.0 801.0
307.0 646.0
497.0 830.0
176.0 579.0
934.0 288.0
891.0 61.0
575.0 395.0
106.0 9.0
797.0 321.0
23.0 410.0
916.0 489.0
924.0 44.0
225.0 566.0
376.0 835.0
10.0 327.0
400.0 622.0
768.0 559.0
665.0 342.0
40.0 667.0
241.0 765.0
807.0 460.0
709.0 269.0
875.0 121.0
445.0 846.0
454.0 794.0
588.0 690.0
453.0 618.0
732.0 65.0
304.0 906.0
310.0 221.0
418.0 62.0
887.0 673.0
967.0 247.0
238.0 11.0
501.0 900.0
545.0 418.0
772.0 422.0
743.0 454.0
423.0 671.0
369.0 171.0
700.0 525.0
818.0 841.0
648.0 784.0
918.0 500.0
387.0 534.0